1 2 3 4 5 6 7 8
9 10 11 12 8
13 14 15 16
17 18 19 20 8
21 22 23
24 25 26 27 28
29 26 27 30
31 27 30
32 33 34 35
36 37 38 8
39 40 38 8
41 25 22 42
13 14 34 43 44 45
46 47 48 49
50 48 51 27 52 8
53 54 55 8
50 56 22 57 58 2 59 60 8
61 22 62
17 63 64 65 8
66 46 67 68
46 69 34 19 70
71 72 15 73 74 75 4 76 8
77 78 79 80 8
81 19 10
13 82 54 27 83 8
13 84 85 22 23
86 4 87
88 89 4 90 4 91 8
9 10 92 4 93 94 8
77 95 4 96
88 54 97 8
98 99 54 15 100 8
101 15 19 102
46 103 22 104
88 105 106 107 8
88 54 108 8
109 110 15 111 8
112 22 19 113
114 115 22 116 117 118 8
13 119 15 120
121 122 54 123 8
46 124 117 125 126 8
46 127 6 128
46 129 22 128
130 22 121
46 131 132 133 8
134 135 22 136
46 137 22 19 136
46 138 22 139 48 140 8
46 141 22 139 48 15 142 8
143 144 26 145 146 8
147 22 148 149 150 8
151 146 22 152 48 153 8
151 146 48 153 8
151 146 48 153 8
154 155 15 27 156 8
13 157 155 158 27 159 8
160 161 162 8
163 15 164 8
165 15 166
167 168 4 169 8
170 34 171
172 173 174 15 175 8
176 34 177
176 34 177 178 179 15 180 8
81 19 181
182 183 184
185 34 186 185
187 188 63 15 189 8
190 22 191
192 135 22 191
193 22 191
194 22 191
195 22 191
196 197 198 199 200 8
201 34 202
201 34 202
203 204 82 54 145 205 8
206 207 15 91 8
208 84 34 209
210 203 34 45
211 202 34 212
213 214 183 215
160 216 15 217 8
46 218 219 220 221 19 222 8
223 224 54 225 4 226 94 8
17 63 22 227 8
228 15 217 8
17 48 27 229 8
230 34 231
232 233 15 234 48 51 235 8
236 183 237
238 239 183 240
238 239 183 240
77 241 242 243 8
50 244 22 245 48 51 246 8
31 27 247
248 249 34 250 8
251 204 252 8
46 253 22 254 48 255 8
256 137 22 257
160 216 15 258 8
259 34 19 260
261 262 34 263
41 84 34 264
265 74 266
267 74 209
101 34 268
160 269 15 270 8
271 272 273 158 274 8
275 276 34 277
278 279 280
281 282 283 284
160 285 286 8
287 34 288
46 289 22 19 290 48 19 291 8
292 293 27 294 8
50 48 51 295 8
296 297 298
299 149 51 300 8
77 301 22 302 48 51 27 303 8
46 137 22 304
305 306 27 307
308 309 10
310 311 22 312 313 314 4 315 8
190 22 312
316 4 317 318
319 22 320 48 125 4 321 27 322 8
323 34 324
160 149 51 324 8
46 325 2 326 327 27 328 8
329 330 279 331
332 34 333
334 34 335
336 34 337
338 339 48 340
341 22 342 8
343 204 344 48 345 4 321 346 8
347 34 348
349 34 350
46 351 168 352 8
353 354 355 19 356 8
357 4 19 358
359 34 360
190 22 361
114 362 363 274 8
160 364 365 8
366 367 368 369 15 145 370 8
190 22 274
371 22 274
46 372 48 373 274 8
232 374 48 375 8
376 10 178 377
376 4 317 377
376 4 378 377
46 379 22 380
381 15 382 8
46 383 22 384 385 386 321 51 387 8
388 26 389
390 391 392 12 8
393 183 153
281 394 48 19 395
393 183 153
281 396 48 397
393 183 153
281 394 48 19 395
281 396 48 397
393 183 153
281 394 48 19 395
393 183 153
281 396 48 397
393 183 153
281 396 48 397
393 183 153
281 396 48 19 397
393 183 153
281 396 48 19 397
393 183 153
281 396 48 397
393 183 153
281 396 48 397
393 183 153
393 183 153
398 22 399
400 313 401 74 402 8
190 22 403
404 22 402
405 22 402
406 34 407
408 409 15 410 8
50 411 158 19 412 48 19 413 8
46 414 415 4 27 416 8
46 417 22 418
419 168 420 8
46 421 15 422 117 423 8
419 424 279 367 74 418 8
419 425 418
426 427 22 19 428 429 15 430 8
193 74 431
213 432 215 15 59 433 48 434 4 59 435 8
376 4 378 431
109 436 437 8
438 437 74 439
440 4 431
50 48 51 441 8
46 442 74 443 444 445 19 446 8
319 22 12 63 447 8
77 448 54 449 450 8
451 15 452
453 22 454
213 455 15 456 215
299 280 149 51 457 8
213 455 15 458 215
50 459 48 51 145 460 8
213 461 456 215
192 462 279 463
46 464 22 465 2 466 467 8
151 146 48 468 8
469 470 471
472 158 19 473 8
160 313 321 158 474 8
475 313 321 74 476 8
477 19 478
479 15 480
31 145 481
109 48 482 279 483 58 8
479 48 484 26 145 481 8
485 486 149 487 8
488 26 489
50 48 51 490 8
160 149 491 8
160 492 15 19 493 8
494 495 26 496
192 497 22 19 498
499 500 415 4 501 502 19 503 8
504 22 505
506 507 15 508 509 510 8
50 511 313 512 513 19 514 8
515 516 34 517 518 519 520 521 522
523 524 79 243
190 22 525
526 22 525
190 22 403
527 22 403
528 529 15 403
530 26 531
190 22 532
526 22 532
533 15 19 534 386 535 60 8
536 22 537
538 279 537
160 216 15 19 539 8
540 541 445 19 542 8
81 543 10 544 15 545 8
546 547 22 545
548 34 549
9 550 293 326 551 552 8
552 553 4 554 8
31 27 555
556 557 558 15 559 8
560 561 10 544 447 8
46 562 563 22 46 564 48 51 565 8
566 34 567
46 567 568 569 19 570 8
190 22 571
572 571 518 573 522 149 574 8
575 576 279 145 295
577 34 578
579 34 580 581 279 571
582 34 19 78
256 583 584 19 585
586 587 22 19 588
46 589 22 19 590 591 19 397 8
77 328 199 592
50 593 594 59 10 8
595 596 19 250 8
46 597 598 4 342 8
595 34 599
600 22 601
319 602 22 601 149 603 8
604 22 19 605
46 606 607 274 8
160 197 608 435 8
609 4 610 8
611 158 612
213 613 183 215
614 22 615
190 22 616
109 617 74 618 8
619 48 620 4 621 158 622 8
623 34 624
46 625 48 145 626 8
109 2 627 489 569 19 628 8
308 26 481
109 48 620 4 629 630 74 631 8
308 26 632
633 22 19 634
46 635 48 636 4 321 637 8
638 22 639
640 22 19 641
642 643 34 644
645 82 54 646 8
206 2 326 179 647 8
160 216 15 87 15 648 8
649 4 650
651 652 653 8
46 474 22 27 654 2 655 656 8
651 34 657
160 658 659 8
660 34 661
662 10 74 494
663 149 664 456 8
665 34 666
46 667 48 668 158 19 669 8
670 48 27 671 8
46 672 447 48 673 4 674 8
50 675 99 74 212 8
676 22 677
46 678 22 679
46 325 54 27 680 8
109 168 681 8
682 149 683 684 8
685 48 574 15 19 325 8
256 173 22 686 293 687 688 19 689 8
46 690 512 450 8
9 691 4 87 8
9 10 117 692 4 90 133 8
208 693 22 694
376 4 181
695 689 22 696 617 697 152 8
698 22 181
699 77 700 701 702 8
703 293 327 704 397 8
299 705 149 51 706 8
536 22 707
703 22 454 34 708
709 74 710 8
201 34 202
299 711 117 51 712 8
713 137 22 714 117 715 8
695 716 54 19 717 8
718 309 719 8
720 54 721 8
190 22 722
723 724 725 722 48 51 726 8
405 22 727
728 15 599
299 231 117 51 729 8
730 15 19 731 732 15 733
734 149 580 8
734 149 735 8
160 544 15 736 8
737 34 657
738 22 739
740 34 741
742 337 22 19 562 117 743 8
744 34 745
746 747 34 748
46 749 750 19 751 8
752 22 148 753 168 326 754 8
755 74 19 756
109 54 757 8
758 4 19 759
109 54 757 8
17 553 74 760 15 761 8
762 763 764 15 765 8
766 34 767
768 4 77 522 8
769 173 770 8
769 34 250 8
546 547 22 771
772 15 773 774 183
46 138 48 775 8
17 168 4 776 777 8
778 34 779
46 678 780 679
781 15 405
46 782 512 450 22 783 8
50 48 51 784 8
299 785 149 51 786 8
787 785 313 321 683 788 4 19 789 8
50 48 51 790 8
791 34 792
190 22 793
794 34 157
795 34 212
160 796 4 321 797 8
798 799 48 19 250 8
50 800 801 802 19 803 8
208 804 22 805
806 22 19 807
46 138 22 808 48 51 809 8
810 204 811 117 812 8
46 634 813 15 814 8
160 179 15 815 8
190 22 816
46 817 22 818 15 819 54 820 4 321 199 821 8
319 10 15 818 544 15 550 158 19 822 8
779 34 405
823 824 22 818
46 60 825 818 117 826 8
827 828 10 829 830 8
831 22 19 832
831 158 833
831 158 23
832 22 834
319 835 149 836 8
190 22 837
600 22 838
839 22 838
46 500 54 840 8
46 138 22 841 48 842 8
843 844 845 19 846 8
9 847 149 15 848 8
46 849 22 12 48 850 8
319 851 22 848 149 852 8
319 22 12 149 853 8
46 854 22 855 48 856 8
46 817 48 857 8
46 844 858 420 8
109 859 15 860 8
548 34 549
827 861 10 658 38 8
9 862 293 655 133 8
190 22 863
864 34 865
866 22 867
868 22 19 659
869 204 870 54 871 4 872 19 873 8
46 873 874 4 875 8
876 15 877
878 876 34 101
879 48 880 881 8
882 54 55 8
883 34 884
864 34 885
77 886 887 12 8
46 888 22 889
31 145 481
890 891 34 892
854 34 893
81 894 22 19 10 15 19 895 117 420 8
896 34 897
898 899 15 8
46 900 22 901
901 902 34 277
903 904 15 905
192 906 15 19 907 908 909 8
50 48 51 910 8
905 34 911
376 912 48 392
913 912 48 392
536 22 912
914 4 915 912
77 916 22 917 8
918 919 48 920 279 921 8
922 505 923 924 8
17 925 199 926 927 8
17 54 928 929 8
930 4 931
932 34 933
934 935 149 936 8
46 138 22 937 48 51 938 8
81 939 561 22 148 544 15 938 8
940 941 942 943 8
256 135 22 944
192 137 22 945
46 946 149 569 947 8
153 34 153 522 8
190 22 948
949 15 950
98 56 279 951 4 952 8
46 56 22 953
954 955 956 4 957 19 958
959 960 19 961 204 962 8
319 22 19 963 617 74 964 8
965 966 4 5 152 8
940 967 558 51 968 558 117 925 4 321 788 4 19 969 8
970 34 411
971 411 972 4 973 8
798 138 48 974 8
975 976 568 569
977 34 978
979 22 980
46 981 54 27 982 8
109 110 158 27 983 8
984 985 986 6 38 8
987 34 988
109 48 880 989 8
990 54 991 4 321 992 4 773 8
376 990 48 993
114 994 149 995 8
996 34 997
998 15 999 1000 1001 8
1002 19 1003
259 1004 46 260
1005 293 4 321 1006 4 1007 1008 220 6 19 10 8
1009 1010 1011
1012 34 1013
1014 1015 145 1016
1017 1018 15 1013 8
1019 1020 15 1021 8
831 22 1022
50 48 51 145 1023 8
1024 22 1025
1026 22 19 1027
46 253 22 27 1028 48 27 1029 8
46 253 22 27 1029 48 27 1028 8
46 1030 48 1031 8
1032 34 599
46 589 22 1033 48 1034 8
898 34 941
160 149 1035 8
898 22 1036 1037 313 321 1038 8
831 22 1039
160 386 293 1040 199 19 1039 8
160 386 1041 915 4 1042 8
1043 427 168 326 1038 8
1044 427 168 1038 27 448 8
1045 1046 22 1047
1048 427 22 458 168 1038 8
1049 427 22 231 168 326 1038 8
17 54 27 229 8
1050 1051 4 11 8
1052 313 321 1053 8
46 1054 22 19 1055 48 1056 8
46 1057 6 1058
455 34 1012
1059 15 19 1060
46 1061 22 1062 1063 1064 197 321 993 8
46 138 22 1065 48 1066 8
898 34 941
1067 22 1065
613 34 1068
1069 74 1070 8
77 1071 22 1072 15 19 1073
1074 1075 544 1076 8
46 1077 22 250 8
160 1078 544 569 1079 8
1080 279 1081
1082 34 1083
1084 34 1085 10 4 1086
46 1087 2 326 220 774 1088 8
1089 1090 22 1091 215 518 1092 522
1089 1093 22 1094 215 518 1095 522
1089 1096 22 19 1097 215 518 1098 522
1099 6 1100
728 204 1101 79 1102
190 34 1103
1104 34 1105
1106 34 1107
772 1108 1109
1110 1111 15 111
46 1112 15 1113 1114 19 672 8
1115 34 1116
1117 34 1118
1119 1120 15 1121
160 269 15 270 8
1122 34 1123 15 989 584 152 397 110 4 178 1124 1125 8
954 54 1126 19 1127 1128
46 1129 22 19 1130
46 625 54 1131 8
1132 34 1133
1134 34 657
201 34 202
201 34 202
201 34 202
201 34 202
1135 22 231 48 51 1136 8
1135 22 458 48 51 1137 8
1138 22 1139
232 1112 48 19 1140 8
46 133 48 1141 8
1142 279 1143
17 1144 4 1145 12 8
1146 1147 1148 8
1149 1147 655 8
1150 48 1151 8
77 597 22 12 293 326 1152 8
151 146 1153 15 1154 183
201 34 202
201 34 202
201 34 202
201 34 202
201 34 202
201 34 202
201 34 202
201 34 202
46 1155 22 1156
46 524 48 1157 8
17 1158 19 1159 8
1160 22 19 1161 8
1162 1163 117 1164 8
940 1165 34 1166 117 1167 8
506 27 1168 152 56 48 51 1169 8
779 34 1032
1115 34 1170
1171 34 1172
1173 1174 22 19 1175
1176 22 1177
1178 22 1177
206 1179 4 1180 297 1181 8
160 149 1182 8
160 313 321 1183 15 19 289 8
46 1184 1185 158 148 1186 8
46 474 313 321 1053 8
1187 22 27 1188
1189 22 19 1184
1190 48 1191
160 149 620 4 363 1192 8
1193 1194 149 51 1195 8
518 1196 1197 522
109 48 1198 15 19 1199 8
9 10 158 19 1200 773 1201 8
109 1147 1202 183
1203 34 1204
319 10 158 1205 149 1206 4 321 1207 8
1208 1209 22 148 1210 149 74 710 8
1211 34 630
1212 1213 22 1214
798 138 48 1215 8
319 1216 149 1217 8
546 547 22 1218
1178 22 1219
77 1220 22 1221
1222 1223 279 1224 8
506 27 1221 1225
1226 149 574 221 1199 8
141 22 1227
1228 34 1229
1230 445 1227
46 1231 1232 1233 8
1234 15 1235 4 1236
1237 1238 558 27 1239
319 22 12 544 15 19 1240 8
1241 149 925 4 293 1242 74 1243 8
772 27 1244
319 1245 149 1246 8
50 48 51 1247 8
1248 34 264
114 1249 1250 1251 8
190 22 1249
1252 15 1253
281 1254 34 1255
1256 48 1257 8
299 117 51 1258 8
772 1209 22 148 149 45 8
940 1259 48 51 19 1260 8
109 48 1261 4 1262 19 1263 8
1264 34 1265
1266 34 1210
1267 34 1268 923 1269 8
1270 574 4 19 1271 8
46 963 219 1272 8
147 1273 458 1274 19 1275 63 8
940 1276 313 90 1277 8
1002 106 1278
645 1279 149 1280 8
1281 1282 149 1283 4 1284 8
1285 1286 22 1287 522 8
1288 1289 15 1290 15 1291 8
46 1129 22 19 1292
1293 54 27 1294 8
77 1295 22 1296
46 1297 48 1298 4 293 1299 74 1300 8
46 1194 149 484 8
50 244 22 1301 48 1302 8
1303 173 1304 8
13 1305 54 820 4 321 1306 8
1307 1308 1309 1310 1311 8
1312 1313 22 1314
109 1315 1316 802 19 803 8
1317 34 1318
1319 15 1320
1319 15 1100
1319 15 1321
1099 22 19 1322
614 22 615
614 22 615
1323 313 1324 15 27 1325 8
46 1326 22 27 1327 1328 15 27 1325 8
1329 1330 1331 1332 8
1333 1334 22 19 1335 558
1336 34 1337 22 19 1338 558
1339 22 19 1340 558
1333 1334 22 19 1335 558
1336 34 1337 22 19 1338 558
1339 22 19 1340 558
798 138 48 1341 8
112 22 19 1342
17 54 1343 279 19 1344 8
824 22 1345
405 22 1346
1347 158 19 1348
1349 22 19 1350
17 1351 4 1352 425 1353 8
1208 1354 10 544 15 1355 8
46 1356 22 1357
109 48 1358 8
1359 34 1360
1359 34 1360
1361 1362 22 1363 149 1364 8
192 58 4 1365
1359 34 1366
1367 1368 15 1369 48 574 8
1370 22 1371
50 110 27 1372 8
46 1334 874 1373 4 1374 19 562 8
46 1375 54 1376 1377 1378 8
1379 1380 48 15 152 1381 8
898 15 1382 658 1383 8
1382 2 27 1384 8
1228 34 1385
114 22 12 149 183
192 1219 34 1386
109 110 15 819 8
477 19 1387
1388 1389 34 1390
1391 561 10 518 1392 522 544 15 250 8
1393 54 27 1394 8
46 407 22 1395
1396 1397 10 6 1398 48 574 8
1399 1099 22 834
13 1400 558 1401 558 63 15 1402 8
1403 10 117 436 8
1404 22 19 70
31 145 481
319 22 148 149 1405 8
1406 313 321 620 4 1145 491 8
1407 22 1408 34 19 1409 8
1410 297 1202 397 8
160 1411 989 8
1412 639 183 639 309 1413
50 383 48 51 1169 8
898 1414 6 45 8
1415 1416 518 6 1417 1418 1419 522
477 19 1420
477 19 1421
31 27 1422
1423 183 1424 8
1425 183 1426 8
798 1427 48 15 19 1428 8
81 19 1429
77 1430 48 1431 4 1139 1432 8
50 48 51 1433 8
798 817 48 1434 8
1435 34 263
1436 1437 1438 1439
1440 1441 1442 558
1443 1444 1445 1446
1447 1448 1449 8
192 1219 829 1450 279 38 8
109 874 15 1451 8
1452 22 1453
17 54 220 15 19 539 8
1454 34 1455
17 54 220 15 19 539 8
17 1456 1202 8
17 63 74 377 8
17 48 27 229 8
160 149 1457 456 15 19 1458 8
1459 34 10
1460 1461 1462
1463 1464 34 1465
213 46 1466 8 215
1467 22 19 667
1467 22 19 1468
1467 22 19 1469
1467 22 19 1470
1467 22 19 1471
1472 15 941
1472 26 547
17 1473 19 407 8
109 2 27 1474 8
823 1475 22 23
1476 1477 22 1086
281 151 1478 518 1479 522 46 1339
1476 1477 22 1480
50 1481 48 51 19 1482 8
46 634 54 757 584 19 585 8
1483 1484 27 1485
1486 34 1487
151 1488 297 719 8
1483 1484 77 1485
1489 1490 22 1491
281 1492 1493 518 213 1494 22 1495 215 522
9 10 15 1491 219 1496 8
1497 34 1498 1499 4 368 1500 6 19 218 8
46 1501 620 4 363 1202 1502 293 327 704 19 202 8
1503 1504 149 51 1505 8
536 22 1504
41 84 34 865
1506 54 1507 8
1508 34 981
190 22 1509
1510 1511 15 944 2 145 1512 8
1513 22 19 1514
46 1515 22 19 1516
114 1517 199 19 1518
1519 34 659
299 149 1520 183
1510 1521 2 1064 48 51 145 1522 8
1523 561 10 544 15 19 1334 8
224 22 1320
1524 518 774 1525 522
1178 22 1526 774 1525
46 1527 204 1528 4 19 1529
41 84 34 157
1530 54 1531 1532 1533 8
1534 4 19 1420
868 1535 22 710
1536 1537 22 1538
1539 34 1540
1539 34 1540 15 1541
1542 4 250 8
160 1543 1544 8
1545 1546 1547 1548 8
190 22 1549
1550 1551 313 321 1552 8
1553 34 1554
46 1334 204 817 48 1555 8
1323 22 1556
695 1557 1558 19 1559 704 1560 48 630 8
9 1561 1562 15 1560 8
299 1563 445 1564 8
13 1565 54 1496 8
1566 1567 48 1056 74 1568 8
41 1569 22 1570 1567
256 135 22 1570 1567
256 1103 22 1570 1567
1571 34 416
1572 558 1573 558 34 1574
13 82 204 1422 54 1575 8
46 1576 22 283 301 48 1577 8
1578 1579 1580 8
1581 1582 15 1583 8
46 1584 22 19 1585
1486 34 602
31 145 1586
46 817 22 1587 48 1588 8
46 817 22 1589 48 1590 8
1591 22 1592 518 1593 522
46 1594 110 199 648 8
1595 22 19 1596
1597 34 1598
1591 22 1599
1510 1600 1601 690 584 27 1602 8
114 1603 199 1604 149 183
13 82 54 27 1605 8
190 22 1606
109 110 158 27 1607 8
77 1608 558 15 1609 558 74 85
109 110 15 1610 8
1611 1612 22 1613
141 22 1614
1615 141 22 1616
854 34 672
160 149 880 1617 8
77 1618 48 1619 4 178 12 8
1620 313 512 612
77 1621 1622 15 27 1623
1624 1625 34 1626
405 34 779
1627 1628 34 1629 8
1625 34 1626 15 231 204 1630 8
1631 22 1632 48 1633 8
1176 22 1634
1635 34 657
600 34 1636
1637 34 268
1638 1639 22 1640
1641 15 554 8
1642 22 1643
1190 1644 19 1645 8
376 19 1646 1647 1648
50 48 1064 509 221 1648 183
1649 1114 15 280
1650 1651 923 487
50 48 51 1652 8
1653 1654 1655 1656 8
1657 19 1658 8
1659 19 1660 8
1659 19 1661 8
319 10 178 1662 221 1648 8
1649 1114 15 1663
160 1664 158 1665 8
864 34 1666
1086 34 1667
46 1668 22 19 1669
160 149 1670 6 1671 8
907 22 19 1672
77 1673 48 1674 8
405 22 19 1675
46 1219 149 1676 569 152 183
50 48 51 19 1677 8
1678 1679 185 1005
46 1680 15 1383
50 464 48 1681 8
50 464 48 1682 8
190 22 1683
1684 1685 15 1686
1178 22 1687
46 846 2 655 1688 8
695 498 279 152 48 1689 8
50 1690 392 1691 8
1692 34 1693
1694 6 1695
1696 584 19 585
1669 1377 27 1697
46 1698 74 19 1699 512 802 19 585 8
299 433 34 708 1700 1701 8
1702 1703 445 630 8
81 1704 10 544 15 1705 8
1193 10 149 51 1706 8
1624 1707 34 19 1708
46 138 22 1709 48 1710 8
232 48 51 1711 8
17 63 22 145 1712 8
970 34 1713
1002 19 1714
1715 1716 54 27 1717 8
1718 54 1719 8
1720 397 54 1721 8
1684 1685 15 1722
1178 22 1687
281 46 1723 518 1724 522
281 1725 1726 46 1727 518 1724 522
109 48 1728 6 27 1729 8
1730 954 204 1731 4 1732
1733 15 1464
1734 1735 1736 8
17 48 27 1737 8
46 474 48 1738 8
798 1739 34 1740 149 1741 1742 8
1743 15 1464
1743 15 1744
1745 1717 34 1746 1747 1745 1748 4 19 1749 8
319 1750 293 1751 8
114 1752 293 655 1739 8
1753 22 612
1754 313 1250 1251 8
319 22 12 658 1755 8
9 22 19 1025 149 1756 8
1757 1758 1759 8
1760 19 1761
190 22 1762
1763 279 145 1764
1765 22 19 1766
46 1767 22 27 1768
1769 1770 34 1771
46 1772 22 19 1773 1774 60 8
206 48 27 1775 8
1776 1777 4 321 27 1778 8
17 63 15 1779 8
299 1780 149 158 283 1781 8
109 48 27 1782 8
50 411 48 51 145 1783 8
46 1784 386 321 1785 158 27 1786 8
46 1787 48 1788 8
17 1789 425 1790 8
405 34 941
1791 10 544 15 1792 8
248 1793 1794 26 19 138 8
1795 34 71 1796 8
1797 15 19 1334 1798 1645 8
46 141 22 1799 297 1800 48 447 8
1801 22 1802 215 522 8
114 1803 149 1645 8
341 22 71 8
281 1804 6 1577 8
975 1805 1517 149 620 279
46 1806 22 19 1807
1808 15 1809
1178 22 1810
1811 22 889
1812 110 15 1813 8
1814 34 1322
1815 1816 1817 558
1818 22 1819
41 84 34 157
86 6 19 1820
1089 46 1821 215 518 1822 522
1089 86 6 19 1820 215 518 1823 522
1089 46 1824 215 518 1825 522
1089 1826 68 15 19 1827 215 518 1828 522
1089 1829 34 1830 215 518 1825 522
1831 1832 4 139 215 518 1823 522
1089 1833 309 1834 215 518 1835 522
1089 1836 22 19 1837 1838 215 518 270 522
1089 1839 158 19 1840 215 518 1841 522
1089 46 1842 215 518 1843 522
1089 46 1844 215 518 1845 522
1846 92 22 152 1847 8
1848 558 1849 22
1850 22 1310 1851 149 1852 8
1853 1854 22 145 1855
1856 544 15 1857 8
160 544 1858 1859 8
160 11 1860 8
1856 11 1861 8
940 748 149 1862 8
1863 313 1864 688 27 1865 8
940 264 110 15 1092 8
1866 79 1538 522 8
1818 22 1867
190 22 397 1868
1869 445 1870
1871 1872 1873
1874 15 45
1032 34 599
613 34 740
50 1875 48 1876 8
1877 1878 22 1879
319 1880 117 1881 8
1882 22 19 1883
1884 1885 15 819
1886 155 6
13 1887 54 15 1888 8
17 553 15 217 8
160 117 179 15 1889 8
9 10 293 63 74 1890 8
1891 10 6 1892
1893 158 19 1200
81 1894 10 544 447 8
190 22 1895
798 817 48 1896 8
46 1165 1269 149 1897 8
299 1898 149 51 1899 8
824 22 1065
46 1046 22 841
46 341 22 1900
46 1046 22 1901
192 135 149 1902 8
190 22 1903
1904 22 1905
256 137 22 1906
46 1018 273 158 19 1907 8
1908 34 60
50 1909 617 74 183 1910 8
1911 1912 15 889
477 19 1420
13 1913 54 27 1914 8
1067 34 1915
791 34 1916 15 19 1025
1846 1407 158 19 1917
1510 1918 15 283 803 1919 1259 8
1230 27 1918
50 1920 48 19 1918 8
1921 27 1918
50 48 51 27 1922 8
975 313 321 1923
604 22 27 1918
46 1924 22 1925
206 242 152 8
645 1926 293 326 27 1927 8
190 22 1928
623 34 624
206 48 145 1929 8
160 1774 179 15 1889 8
46 138 48 1930 8
1931 219 1278 8
1932 1933 219 19 1278 8
1067 558 1155 558 34 1934
854 34 672
1935 1936 520 46 1937 158 1938
1939 1940 34 1941
854 34 1942
1940 6 1943 8
46 10 22 1944 8
1945 22 685
1946 1947 22 1948
1949 1950 22 19 1951
190 22 1952
81 1953 10 544 15 19 1334 8
160 216 15 1954 15 521 8
1955 19 1956
160 216 15 1957 15 237 8
1826 68 15 19 1827
798 138 48 1958 8
1067 34 1959
1067 34 1960
81 1936 427 22 19 10 149 931 8
109 874 15 19 1961 8
17 54 1962 22 106 125 27 1963 8
81 1964 427 149 1965 8
1966 34 1967
1067 22 1968
1067 22 1968
46 138 22 19 1969 48 1970 8
46 138 48 1971 8
1972 524 48 659 8
1973 1974 1197 15 814 8
1975 34 997
376 1976 48 392
376 1976 149 1794
319 22 19 1977 92 74 618 8
1978 27 1594 54 1979 8
405 34 1980
109 48 484 8
1981 2 1982 15 38 8
1983 1984 22 1985
299 1986 297 59 397 8
77 1987 6 1988 15 38 8
50 48 1989 8
1990 1991 313 321 15 1992 8
1993 1994 1995 8
109 48 27 1996 8
50 48 51 1997 8
109 2 1998 15 38 8
1999 313 2000 474 8
798 2001 149 2002 4 19 2003 8
109 48 2004 8
46 2005 15 19 1645 8
1534 4 19 1645 8
1534 4 19 1645 8
2006 22 2007
604 22 1567
46 1386 386 288 27 2008 8
2009 158 2010
2011 158 2010
9 2012 2013 158 152 2014 8
2015 34 2016
2017 34 2018
46 1464 22 19 524
453 34 865
604 22 2019
536 22 2019
2020 54 2021 8
46 2022 48 153 8
2023 386 2024 2025 183
2026 22 2027
405 22 2028
1720 1422 2029 2030 8
2031 22 1352 15 2028
2032 22 2028
2032 22 19 2033
2034 22 2035 518 213 2036 215 522
2037 22 19 2038 518 213 2039 215 522
623 34 680
2040 34 2041
46 524 48 2042 8
2043 48 27 2044 8
46 2045 219 2046 8
623 34 624
13 82 54 27 2047 8
17 168 4 2048 15 2049 8
17 63 15 2050 8
208 2051 15 1320
798 2052 48 2053 8
1046 22 19 1047
109 48 986 19 2054 8
798 138 48 2055 8
109 54 51 2056 8
2057 34 1934
109 48 158 19 2058 8
2059 15 1320
46 138 22 152 895 48 2060 8
2061 518 2062 2063 522 2064
9 2065 149 2066 8
1833 309 1834
798 138 48 2067 8
854 34 672
2057 34 2068
2069 34 2070
190 22 2071
50 54 15 648 8
46 2072 158 19 2073 117 327 8
109 2 2074 2075 8
190 22 2076
2077 2078 293 326 2079 8
2080 2081 313 2082 513 19 2083 8
46 2084 54 2085 15 814 8
46 2086 15 19 2087 22 19 2083 2 326 392 2088 8
2089 149 636 4 1562 15 2090 8
2091 2092 773 19 2076
2093 293 326 2079 8
114 2094 6 2095 149 183
1692 34 1693
50 1909 48 74 2096 8
2097 10 293 63 15 2098 8
1099 34 2099
2100 149 2101 2102 8
2103 1114 15 19 2104
109 2105 569 27 2106 8
46 2107 34 19 2108
1178 22 2109 158 19 634
2110 204 1888 54 2111 2112 8
823 1475 34 2113
299 10 117 51 19 2114 8
2115 497 148 2116 183
2117 34 2118
2119 2120 48 2121 8
2122 15 2123 8
109 48 2124 8
109 48 27 2125 8
2126 15 2127
109 48 1283 4 2128 8
109 2129 297 2130 8
2131 2132 149 2133 8
798 2052 48 2134 8
31 145 481
2135 48 27 2120 8
2136 2137 26 106 2138 8
287 2139 313 321 620 4 2140 2141 15 1671 8 522
2142 149 2137 4 2143 4 2141 8
151 146 48 719 8
2144 313 321 620 4 317 2141 8
299 2145 149 2146 8
2147 427 22 19 2148 544 447 8
2149 2150 34 1554
2151 34 2152
2153 215 279 19 2154 8
299 149 51 2155 8
17 2156 15 2157 8
46 138 48 2158 8
46 2159 15 2160
98 2161 386 321 27 2162 8
281 2163 2162 1078 293 27 2164 8
1850 544 15 430 8
46 2165 22 38 48 15 2166 8
319 363 2167 8
2168 2169 1377 725 2170
160 2171 4 2172 4 2173 8
2174 26 2175
2176 5 178 1053 15 59 2102 8
2177 22 2178
2179 34 657
2180 34 1105
50 48 51 2181 8
2182 22 2183
2184 34 10
46 2185 22 19 817 48 2186 8
1288 2187 22 2188
866 22 2189 518 2190 522
2191 448 48 2192 309 2193 8
109 48 27 2194 8
2195 4 19 2196 558
2187 2197 321 2198 212 8
77 2199 22 2200 558
46 2201 22 2202
405 22 2203
46 2204 48 880 2205 8
2206 15 2207 8
160 11 2208 8
2209 6 2210 313 321 1351 8
2211 48 2212
81 2213 10 544 447 8
645 2214 63 15 2215 8
2216 22 19 2217
46 817 48 2218 8
405 22 2219
2220 22 2221
2222 34 2223 149 466 8
46 138 22 2224 48 2225 8
109 2226 158 2227 6 630 8
2228 34 632
827 99 22 148 558 2229 558 48 2230 8
2117 34 2118
109 48 27 2120 8
31 27 2120
2231 1936 2232 22 2233 313 1145 2234 8
109 48 27 2235 8
114 2236 293 2237 15 12 8
114 2238 293 2237 15 12 8
160 149 2239 8
109 48 1283 4 2240 8
160 149 2241 8
160 2242 2243 8
2244 2245 48 145 146 8
299 1859 558 51 2246 558 92 74 2247 8
114 2248 293 2249 15 12 8
2250 947 313 2000 2003 8
2251 6 708
824 22 2252
46 817 22 19 1717 48 880 543 8
46 2253 149 15 397 6 19 45 8
50 689 2 2254 2255 15 2256 8
232 22 12 48 51 2257 8
17 2105 569 27 2258 8
824 22 19 2259
17 54 2260 8
2057 22 2252
2261 34 2262
1519 2263 149 1056 8
206 63 15 1392 8
2264 149 2265 8
1936 470 1577 558 518 2266 522 8
2267 2268 48 220 15 710 8
2269 10 544 447 8
2270 2271 15 2272
2271 2273 19 20 8
9 2274 117 2275 199 19 2276 8
2277 34 2278
1684 1685 15 2279
1178 22 2280
546 547 22 2281
1765 34 1464 22 19 1422
46 817 22 2282 48 584 2283
147 15 19 1508
406 34 2284
940 981 813 15 2285 8
109 54 326 1167 15 2286 8
2287 2288 15 27 2289
46 138 22 19 895 48 2290 8
1024 2291 15
46 138 22 19 1969 48 2292 8
270 4 2293
2294 34 2295
77 2296 2297 2298 74 145 2299 8
17 2300 15 2301 8
2302 34 2303
1475 22 694
868 22 2304
46 1422 22 19 2305 2 327 704 397 8
1966 34 1967
2306 34 1915
1611 34 941
261 34 2307 149 482 15 2308 8
109 2309 2310 15 2311 8
206 48 74 2312 8
9 10 2273 19 2313 8
2100 79 2314 313 773 2315 8
50 48 51 2316 8
50 2317 48 345 4 321 2318 8
2319 2320 22 2321
2322 2323 22 19 2324
2325 2326 19 2327
878 2323 22 19 2324
1720 2328 19 2329 8
192 137 22 2330
160 149 1897 2243 8
2331 279 2330
2163 716 22 2330 2332 4 773 2333 8
50 48 51 2334 8
2335 199 2336
2337 22 2338
46 2339 22 2340 464 48 2341 8
50 2342 4 183
2343 54 721 8
2343 168 655 1671 8
2344 2345 79 2346
2347 48 925 4 293 2348 2349 8
827 99 22 148 1671 558 187 558 942 8
2350 63 15 2351 8
1718 15 2352
2353 2354 54 27 1911 8
2355 54 2356 8
160 2357 4 2358 2359 502 12 8
823 1475 34 1541
2360 63 15 91 8
864 34 865
2361 34 1671
2362 2363 10 544 447 8
46 2364 26 27 2365
2366 1027 15 2367
2368 309 19 2369
2368 309 19 2370
2371 22 2372
2373 2374 558 1299 1269 2375 215
134 2376 2377 725 2378
98 99 63 74 38 8
46 2379 691 4 19 2165 8
46 846 436 19 2379 8
2380 54 2381 309 19 2382 8
2383 54 2384 8
160 216 15 1825 8
2385 22 19 916
2386 48 2387
831 22 19 2388
2389 149 1056 74 2390 8
2391 2392 313 535 2393 8
2391 2394 22 1892 313 535 2393 8
526 79 2395
2396 79 2392
2397 22 2398
1510 157 2399 6 701 2400 8
2209 197 2401 4 1071 8
160 313 830 2402 4 2403 8
46 498 213 2404 215 173 385 199 19 2405 8
2406 34 2407
975 2408 148 2409 1128
213 2410 279 2209 215
2411 22 2412
2413 2414 4 183
2415 34 2416
46 2417 558 309 2418
1178 22 549 15 1848
2419 2420 761 8
698 22 2421
2422 34 2423
50 48 51 27 2424 8
2425 470 2426
160 544 15 430 8
1248 34 2427
160 1145 94 8
2428 6 657
2429 22 2430
9 60 15 1948 2431 2432 4 19 2433 183
281 2434 22 19 1304 8
46 2435 22 19 2436
2437 2438 54 15 152 2439 8
2440 158 19 2441
2442 117 2443 8
2444 157 2445 4 169 91
2446 19 2441
2447 15 2448
46 1714 2449 2198 2450 8
46 2451 168 2452 2453 8
46 2454 22 19 2455
2456 34 2454
2457 48 2458 8
2459 48 2460 8
2461 22 2462
2463 470 2464
2465 309 19 2466 518 2313 522
2467 2468 22 2469
256 135 22 2470
2471 2410 22 1541
256 789 306 283 372 8
2472 22 2473
2474 34 2475
2472 22 2474
46 2476 54 2085 15 2477 8
208 1176 22 2478
2479 15 27 2480
2481 547 22 2482
77 2483 22 19 2484 149 2341 279 2485 8
46 138 48 2486 8
2481 547 22 2487
2481 547 22 2488
2481 547 22 2489
2481 547 22 2490
2491 34 1560
81 2492 10 544 15 447 8
2481 547 22 2493
46 138 22 19 895 48 2494 8
798 138 48 2495 8
2496 204 817 48 2497 8
2481 547 22 2496
2481 547 22 2498
2481 547 22 2499
2481 547 22 2500
2481 547 22 2501
46 2502 48 2503 8
2481 547 22 2504 518 76 522
50 48 51 27 2505 8
50 48 51 27 2506 8
50 48 51 27 2507 8
50 48 51 27 2508 8
50 48 51 2509 8
9 10 219 2510 8
2511 2512 2513 688 2514 8
46 1375 48 2515 8
46 803 48 27 2516 8
46 138 22 19 2517 48 2518 8
2517 22 2519
46 2520 15 2521 48 2522 8
2523 2524 2525 8
2526 34 2527
319 117 2528 8
17 54 2529 4 212 8
134 2530 199 2531
46 2532 22 19 2533
577 34 2534
2535 34 2536
2537 2538 22 19 1645 8
2539 2540 22 19 2541
46 2542 620 48 51 2543 8
2544 15 152 2545
2546 34 200
2547 22 19 2548 34 2549
281 46 2550 2551 321 2552 8
281 46 2550 48 27 2553 8
2554 313 321 620 4 2358 2555 74 19 2556 8
975 4 5 6 2557
376 4 2558 2559 199 19 2560
1162 2557 313 321 2561 8
2562 22 27 2560
2563 199 2557
546 547 22 19 2564
2471 2410 22 2565
114 2566 2567 15 19 630 8
2568 22 2569
1765 34 2570
81 2571 10 544 15 19 1334 8
2572 2573 313 321 620 4 2574 2120 8
913 2575 48 15 2482
1765 22 1422
17 34 19 495 117 569 2576 8
2577 15 19 2578
2579 22 2352
281 98 2580 2581 1000 2582 8
281 98 2580 2581 2398 15 27 2583 8
281 98 2580 2581 915 2584 8
2585 22 2586
109 273 158 19 1969 8
2587 2588 48 2589 584 2590 8
46 2591 15 2592 15 2593
566 15 19 689
2594 2309 367 178 2595 22 2596 8
46 2597 22 19 2598
2599 2 27 1594 8
798 138 48 2600 8
46 803 54 2601 15 19 2602 8
2603 34 2570
1850 736 149 2604 8
2100 149 655 2605 8
2606 34 2607 149 1569 8
46 2608 22 2609 48 2610 2611 2612 8
190 22 2609
46 1563 22 630 15 19 2613 313 321 2614 8
2615 2616 2617 746 8
2618 34 2619
213 278 6 725 2620 215
160 544 158 630 8
319 2621 149 1031 8
109 409 15 2565 8
319 2622 293 2623 8
46 2623 149 1283 4 463 15 458 8
46 2624 48 27 2625 8
2626 34 657
2627 221 2588
46 2628 15 2629
213 2630 183 215
1193 2631 149 51 2632 8
2633 2631 313 321 683 2634 8
2635 22 2636
77 916 22 2637 2638 2639 15 27 2640 48 51 27 2641 8
114 10 293 2637 26 496 8
1720 383 48 51 2642 8
2643 34 2644
77 2645 15 2646
2647 22 96
2648 15 19 1633
2649 6 2559
114 1569 22 2650
50 48 2651 4 2652 8
2653 22 2654
46 1219 149 1676 309 27 2655 8
1339 2656 2657 8
2658 22 2659
604 22 19 2660
2661 19 1646
2662 19 1646
50 602 145 1016 8
2663 2664 152 2665 2375
2666 2667 4 2668 8
2669 15 2670
9 58 149 74 2671 8
2672 22 2673
2674 15 2675
109 2676 2165 26 1645 8
2672 22 2677
153 48 397
2678 48 2679 4 153 8
2680 22 2681
1678 773 19 2682
48 2683 27 2684 8
1160 22 341 8
1425 2685 34 2686
975 2398 48 279
256 2687 22 2398
299 2688 149 2689 8
2690 22 2691
160 149 692 22 2692 2693 8
34 19 442 8
109 2399 6 2694 19 2695 8
2696 48 2697 22 2698 8
151 146 48 2699 8
2700 149 2701 8
46 562 22 19 1984 1858 19 2702 2703 2704 8
2705 2706 2399 15 382 8
17 63 15 2707 8
160 2708 4 454 8
940 138 48 2709 8
2710 547 22 2711
2712 34 2713
2714 1207 874 4 569 2715 8
77 2716 22 2717 8
2718 2715 117 2719 15 2720 8
77 2721 22 2722 558 2723 8
1731 22 2724
109 313 535 476 8
46 2725 22 2726
2727 4 2728 15 1392 8
2729 34 2730
46 2608 313 2731 2732 158 2733 497 19 498 8
975 38 173 15 710
308 22 2734 279 2735
2736 2737 22 2738
190 22 2739
81 1577 427 22 19 2588 2740 158 1166 8
81 2741 427 22 2588 2740 158 1166 8
975 2739 1078 568 569
2742 22 19 1234
579 583 386 2731 704 397 8
2743 262 22 2744
940 2745 22 2746 149 2747 8
308 22 2748
1099 22 2749
2750 149 2101 146 8
2751 558 1435 558 34 2752
2753 34 2752
2754 2755 22 19 2259
2756 34 2757
77 470 2758 1628
46 2759 22 19 1422 48 2760 8
536 22 2761
798 2762 48 2763 8
114 10 181 15 2761 2764 8
2765 34 2766 8
2767 22 19 2768
160 219 2769 309 94 8
954 48 145 2770
109 2723 15 1835 8
46 253 22 2771 48 2772 8
2773 22 2771
2774 15 708
1489 202 22 84
213 2775 215 558 19 2776 8
319 22 12 149 2777 8
319 2778 544 15 19 1073 8
256 137 22 2778
319 2778 2524 2779 8
308 26 2780
2781 158 2782
2344 2745 372 2783 2784
190 22 2785
2786 2357 4 363 2787 74 314 8
2788 34 2789 8
2790 22 19 2791 15 2792 2793 2794 2795 8
376 149 2234 1128
2647 22 2796
2647 22 96
2797 158 2798
1208 2340 803 2 2799 337 158 2798 8
1850 2094 1676 15 2099 8
1069 74 342 8
1795 2800 22 1214 8
141 22 2801
2802 4 2803 8
190 22 2804
1376 27 2805 8
2806 309 2807
50 48 2808 8
46 2809 197 321 2808 183
2806 309 2807 15 2127
251 2187 22 2810
46 138 48 2811 8
2812 15 19 2813
9 2814 425 94 2815 2816 2817 4 321 2818 8
2819 2820 22 2821
1836 22 19 1837 1838
2822 34 2823
477 19 2824
794 34 157
2825 34 2826
2827 688 27 982
2828 48 2829 2830 8
190 22 2828
190 22 2831
2832 34 2833
2834 15 2835
2836 964 34 773
2837 2838 15 1464
308 15 1714
192 497 22 2838
46 2839 26 27 2052
192 1859 34 2840
2841 2588 158 19 635
213 46 2842 215
2843 2844 15 941
1046 22 2845
1046 22 2846
2847 2848 309 2559
2849 2850 158 1713
160 179 15 2851 8
232 2852 48 4 2853 19 2854 8
613 34 1068
2855 456 1798 657 8
31 27 2856
2857 22 2858
2859 2860 74 27 2861
2859 48 620 4 363 2699 8
2862 22 19 2861
2472 22 2863
2864 1184 22 19 2861 48 620 183
160 149 2865 279 10 1500 4 2398 8
160 2866 158 2867 8
114 117 722 8
854 34 1942
232 48 2868 8
81 2869 596 19 2870 8
2871 22 708 2872
2873 34 693
46 817 22 2874 48 2875 8
187 15 19 1420
187 15 116
2876 2877 4 187
114 931 2878 4 187 8
2879 22 19 2533
2880 22 2881 2882
2883 219 2884 8
2885 22 2886
46 2887 2888 321 153 8
114 22 148 1861 386 321 19 2889 8
299 149 51 2863 8
2890 26 27 2891
206 1179 4 321 27 2892 8
2893 15 1671
2163 2894 48 692 22 385 8
190 22 2895
1178 22 2895
46 1422 48 27 2896 8
2897 2898 612
1178 22 2899
2897 2898 511
623 34 624
160 168 655 1671 8
2900 54 145 2901 8
50 54 27 2902 8
2903 204 2904 168 4 788 8
2905 4 2906
2907 2908 2909 15 250 8
1359 470 1360
2910 149 574 15 2113 8
2911 204 568 297 145 146 8
160 2888 198 385 8
46 916 216 15 814 8
46 2912 2913 15 2914 8
41 84 34 2915
46 1334 22 2916 48 447 8
46 2917 149 2918 8
299 149 51 2919 8
2920 34 2921
81 2922 2102 22 2923 544 158 19 2924 8
2647 34 2925
2926 34 2927 1209 704 2113 293 168 2928 8
996 34 277
1720 2929 48 2667 4 2930 8
109 2931 10 4 433 1747 27 1334 8
1849 22 710
710 558 1849 22
2932 34 2933
2934 22 2935
109 54 15 1383 8
2936 4 980
2937 279 430
2938 2939 68 2940 149 2667 4 2358 8
2857 22 2941
2942 1276 149 2943 8
46 2944 15 2945 149 2946 8
2947 34 212
2948 15 19 2949
2948 15 19 762
2950 15 19 76
2950 15 19 75
2103 2951 34 891
2952 34 2953
2954 22 2955
898 313 2956 2957 8
46 2957 149 2958 2639 8
109 48 145 1073 8
2959 22 27 2960
17 355 19 356 8
2961 27 2962
232 54 1100 8
798 138 54 2963 8
798 138 54 2964 8
798 138 54 2965 8
1624 2966 34 2967
160 149 788 4 1539 8
46 2968 181 2969 8
46 2970 181 2971 8
50 48 51 2972 8
190 22 2973
954 2974 2975 48 27 2976 1128
2975 204 1279 149 2977 8
1510 635 1232 27 2978 8
2979 22 19 2980
160 658 2186 8
319 149 836 8
109 54 51 19 2981 8
2177 34 2982
9 22 19 2983 117 2984 8
308 309 2985
50 54 2986 279 19 2981 8
2987 135 22 2981
50 54 19 2988 8
299 2989 386 321 51 2990 8
31 27 2991
261 279 2992
376 4 773 27 2993
50 383 48 51 2994 8
109 48 27 2120 8
109 48 2995 8
232 22 12 48 2996 8
2117 34 2118
2997 2998 6 2999
109 3000 19 3001 8
109 48 2995 8
3002 313 321 392 3003 8
147 19 3004 149 1197 1558 8
31 27 2120
3005 3001 3006 3007 8
3002 313 2000 474 8
2880 22 3008
3009 544 15 3010 8
319 491 149 3011 8
50 716 22 3012 48 51 145 3013 8
109 48 563 22 3014 8
2752 34 1386
2023 34 3015
261 34 3016
376 38 509 15 458
1653 1654 1655 1656 8
376 38 509 15 231
518 3017 4 3018 522 8
3019 204 3020 15 3021
1027 3022 3023 19 3024 3025 1645 8
46 233 54 2610 8
50 3026 48 3027 6 3028 233 8
3029 3030 158 3031
109 48 15 19 3032 8
46 138 48 51 3033 8
299 149 51 3034 8
2337 22 19 2578
3035 22 3036
3037 34 1570
46 3038 37 3039 8
2857 22 3040
3041 15 1788
50 48 51 3042 8
46 3043 512 467 8
46 3044 22 19 3045 48 3046 8
46 3047 3048 3049 8
109 2309 3050 3051 8
46 2018 1299 74 1257 8
160 3052 297 3053 8
1503 3054 149 51 3055 8
376 145 626 33
77 2427 22 19 626
50 54 2667 298 8
3056 279 626 117 51 3057 8
3058 558 3059 522 15 3060 8
50 716 22 3061 54 51 3062 8
46 3063 204 3064 48 3065 8
77 1295 22 3066
248 2468 22 2352
9 22 19 3067 117 199 12 8
3068 34 3069
2802 15 3070 8
46 1207 117 3071 309 152 8
3072 22 12 3073 8
940 3074 54 51 3075 8
3076 3077 2309 293 4 8
1122 15 3078
201 34 202
623 34 3079
9 22 148 1311 117 3080 8
3081 3082 34 19 1836
3083 773 3084 1128
3085 3086 34 3087
114 3088 22 3089 3090 3091 3092 27 2902 8
3093 3094 313 3095 8
3084 311 620 3096
1173 3097 149 993 8
3084 3098 3099 148 3097 8
3100 397 4 1875
278 6 3084
46 3101 22 2638 874 4 3102 8
1684 1685 15 3103
46 3104 1601 309 3105 8
147 2622 293 148 480 8
109 48 15 3106 8
2216 3107 409 15 19 641 8
3108 34 84
3108 34 1570
3109 34 657
536 22 3110
3111 3112 74 3113 8
319 3114 149 3115 8
2472 279 3116
3117 3118 34 1248
2176 90 502 3119 8
3120 3121 3122 8
50 3123 3120 6 3124 8
46 3020 54 15 27 3125 8
996 34 3126
109 48 620 4 317 3127 8
3128 3129 4 618
46 3130 89 4 1262 19 3131 8
3132 870 54 3133 4 3134 618 8
3135 392 3136 3137 94 8
17 54 3138 4 872 3135 8
3135 874 3139 478 8
46 3140 3141 450 8
46 1591 22 3142
3135 54 423 8
3143 48 27 3144 8
190 22 3145
3146 22 3147
190 22 3148
267 22 19 69
2885 22 3149
3150 3151 158 19 3152 149 51 3153 8
3154 34 3155
518 3156 3157 522
9 22 148 3158 3159 74 3160 8
3161 22 3160
3162 22 3163
2472 22 3163
81 3164 10 544 447 8
46 3165 3166 4 1758 45 8
319 22 19 567 293 1311 15 12 8
109 48 880 19 3167 8
3168 3169 19 2861 8
3170 22 708
109 2105 569 27 3171 8
940 3172 48 3173 8
3100 3174 149 27 3175 8
3176 34 3177
299 149 1676 309 27 3178 8
644 34 3179
898 3180 3181 26 3182 8
17 355 3183 8
600 22 19 3184
3185 34 3186
3187 34 779
46 157 117 51 19 3188 8
3189 34 19 3188
77 328 22 630 48 1431 4 363 3190 8
190 22 3191
3192 710 813 15 2266 8
81 3193 10 658 3194 8
2461 15 3195
2872 22 3196
116 34 3197
3198 279 458
3198 279 231
248 2187 22 2352
3199 22 2352
3200 34 3201
3202 34 1396
46 1429 2399 6 2576 8
2350 3203 34 2576 8
3204 3205 4 2574 19 3206 8
46 3207 3208 3204 4 989 8
17 3209 4 3210 3211 8
2355 3212 450 1202 2576 8
206 3213 1202 2576 8
2355 3214 19 3215 8
3200 34 3216
248 3217 22 1948
2353 516 22 1948
160 168 655 1671 8
3218 22 3219
3220 22 1948
3221 22 1948
798 138 48 3222 8
3223 197 293 2137 199 38 8
3224 3225 355 2576 8
3226 158 19 2854
2057 15 2252
3227 34 212
794 34 1671
3228 3229 22 1100
50 3230 48 15 2828 8
3231 22 3149 158 3232
477 3233 4 5 152 549 216 1064 149 51 3234 8
3235 3236 149 3237 8
3238 3239 3240 8
970 639 34 773
3241 3242 313 321 1283 4 283 372 8
3241 3242 313 3243 283 372 8
3244 48 27 3245 8
3246 3247 279 1771
3246 3247 279 2991
3246 3247 15 1116
1679 3248 1858 27 3249 8
3250 48 594 8
46 1071 3251 4 3102 2664 8
3252 22 3253
3254 34 19 2559 3255 4 3256 8
46 3257 1473 3258 8
3252 22 3259
17 2 326 179 647 8
3260 22 3261 15 2845 8
3262 34 3263
160 874 15 1825 8
160 874 15 1825 8
3264 313 321 3265 8
3266 34 3267
3266 470 3267
3268 34 3269
1046 22 3270
17 63 22 3271 8
81 3272 10 544 447 8
3273 34 60
3274 3275 18 27 328 8
17 63 22 3276 8
31 27 448
31 27 3277
31 145 3278
3279 27 1028
940 2597 48 27 3280 8
319 3281 293 3282 8
3283 3284 3285 3286 8
109 617 3287 6 19 2154 8
109 3288 279 701 3289 8
17 63 15 3290 8
1336 1936 3291 1577
3292 48 2137 4 321 3293 8
3294 1342 4 2293
1115 34 3295
2279 34 3039
453 34 3296
613 34 1068
3297 3298 1909 8
46 138 22 3299 48 3300 8
3301 26 27 3302
3303 34 3304
3305 309 19 3306
3307 1313 54 3308 8
77 328 22 2787 54 683 8
319 22 38 48 3309 8
114 22 12 149 183
3310 18 3311 8
798 3312 149 15 3313 8
3314 3315 54 3316 15 3317 8
1886 3318 3319 15 3320 8
3321 197 321 3322 4 3323 8
2472 22 3319
3324 22 19 895 34 3325
46 2684 518 3326 522 4 152 3327 48 183
3328 63 15 258 8
2422 22 19 498
2857 22 3329
160 3330 3331 8
3332 34 3333
3334 3335 34 3333 3336 148 3337 183
206 313 321 3338 3339 8
3340 3341 22 503
642 3342 34 3343
975 48 3344 3345 8
3346 22 3012
41 84 34 264
190 22 3347
3348 34 657
3349 309 3350
3351 4 19 1784
46 864 22 3352 518 3232 522
46 2454 22 3303
3353 6 3354 92 74 708 8
46 3355 219 3356 8
319 3357 149 3358 8
3359 34 3360
50 244 22 3361 48 51 3362 8
3363 204 1714 15 3299 8
46 846 54 3364 8
17 1664 15 1300 8
3365 199 3366
46 864 22 3366
3366 34 3367
2729 34 3368
3369 15 1300 8
46 3370 22 19 3371
206 92 450 22 3372 8
3373 48 145 3374 8
623 34 3375
3376 3377 2273 94 8
17 48 125 3378 34 3379 8
13 3380 48 3381 8
3382 3383 3384
50 3385 54 51 19 3386 8
3387 15 3039
2425 470 2426 183 46 3388
3389 158 298
794 4 3390
3389 179 3390 8
3391 22 3392 518 3393 522
2729 34 3368
1178 22 969 34 3368
3394 34 1909
17 54 27 555 8
3395 3396 15 3397 8
3398 63 15 1392 8
3399 15 19 3400
3401 470 3402
3403 26 3404
3405 48 27 3406 8
695 3407 22 696 48 697 1202 8
17 48 27 3408 8
17 54 27 555 8
3409 3410 15 989 15 2914
3411 15 3412 8
3413 3414 279 3415
3414 15 19 3416
46 3417 568 569 148 1569 183
109 3418 15 46 3419 8
2647 22 2796
109 110 158 27 1607 8
3420 2733 110 152 2929
50 244 22 212 48 51 3421 8
46 3422 22 250 8
3423 34 3424
46 3425 634 3426 74 19 1420 8
109 54 2085 15 3427 8
13 157 54 482 8
3428 48 3429 309 19 3430 8
17 1194 4 1145 3428 8
3431 3432 12 8
46 3433 22 3434
109 48 27 3435 8
3436 54 3437 199 3438 8
213 46 3439 215
213 46 3440 215
213 46 3441 215
77 3442 279 3443
342 3444 22 3445
3446 204 3447 48 19 3448 8
114 3449 149 2865 8
98 99 3450 1078 3451 38 8
695 244 22 180 48 3452 8
1336 558 3453 74 3454 558 168 3455 279 27 1429 8
3456 34 3457
3458 3459 15 3460 8
1850 22 148 58 117 2085 15 3461 8
3462 204 3463 4 250 8
3464 3465 279 3466 3467 4 250 8
798 253 48 19 3468 8
645 2214 54 27 3469 8
160 179 15 3470 8
3471 34 3472
3473 34 3474 3208 19 3337 8
3475 48 3316 15 152 3476 8
17 1579 3477 8
77 448 51 2576 8
17 409 880 3478 8
206 444 4 2576 8
206 3479 2576 8
232 146 22 1202 3480 48 19 3481 8
2461 518 15 2352 522 183
2461 518 15 19 1645 8 522 183
3482 2665 22 3483
1399 3484 6 3485 8
50 48 51 27 3486 8
46 3487 777 688 19 1865 48 51 27 3488 8
17 54 1167 15 19 3489 8
114 22 148 10 117 309 3490 8
114 22 148 10 117 6 27 3491 8
114 22 19 3492 117 309 3490 8
114 3493 4 293 326 3494 8
13 1279 117 179 15 3495 8
2461 22 59 2018 15 3496
46 3497 620 48 3498 15 3499 8
319 293 4 5 6 344 8
9 10 293 3500 2402 199 19 3501 8
50 48 51 3502 8
50 54 51 3503 8
3504 22 1541 558
3505 22 2565 558
109 48 1793 4 250 8
160 149 51 19 3506 8
160 925 250 8
1211 34 3507
160 298 34 181 15 19 1334 8
3508 34 3509
3510 34 3039
708 3510 518 3511 522 15 3512 8
3513 553 15 3514 8
46 1469 48 3515 8
1937 22 19 3516
50 48 2986 279 19 3472 8
3517 54 27 3518 8
46 3519 3520 15 2286 8
114 3521 1456 3205 4 3256 8
2429 22 19 3522
3523 4 3524
3525 22 2841 3526
898 874 4 3527 19 3020 8
46 3528 204 3529 34 3530
46 3531 204 3529 34 3530
46 3532 204 3529 34 3530
46 2430 22 1203 204 3529 34 3530
46 3533 22 2980 204 3529 34 3530
46 3534 204 3529 34 3530
46 3535 204 3529 34 3530
46 3536 204 3529 34 3530
46 3537 204 3529 34 3530
46 3538 204 3529 34 3530
46 3315 204 3529 34 3530
46 3539 204 3529 34 3530
46 3530 22 3540
46 3541 204 3529 34 3530
46 3542 204 3543 204 3529 34 3530
46 3544 204 3545 204 3529 34 3530
46 3546 204 3529 34 3530
46 3547 204 3529 34 3530
376 3548 48 392
3549 22 3548
3550 22 3551
1089 3199 22 19 3552 215
1089 46 3553 215
1089 3554 1832 4 19 3555 215
46 963 3520 15 1098 8
391 204 3556 22 3557
2857 15 3558
3559 3560 15 3561
46 3562 48 4 3563 3080 8
3564 3565 48 15 1358 8
3564 3565 48 15 1358 8
50 3239 19 3566 8
3564 3565 48 15 1358 8
147 3077 293 3567 8
17 3568 1202 19 1645 8
907 22 2352
3569 2530 22 3570
3571 6 3572
3573 22 19 2436 8
3574 2664 19 2436
898 74 2340 803 2401 8
46 3575 279 1202 48 183
319 3576 569 4 3577 3578 8
190 22 3579
17 54 27 2044 8
46 3575 22 3488 48 183
46 1427 22 3488
3580 15 3581
3582 3583 215 8
256 137 22 3584
3585 3586 34 2333
1870 48 19 3587
1870 48 19 3588
1870 48 19 3589
109 3590 158 19 525 8
114 1559 3591 3592 8
3593 149 3594
3595 48 1719 15 59 2094 8
3596 22 1948
940 3597 149 51 3598 8
1849 22 2654
46 3599 22 3600 4 3601 48 2741 4 1964 8
2654 558 1849 22
46 3575 279 3602 48 183
141 22 3603
2568 22 3603
81 3604 10 544 447 8
2092 3605 19 3599 558 3606 183
3607 34 3608 355 15 3609 8
17 168 145 2929 8
376 4 2401 4 19 3610
77 3611 4 3612 1919 3613 8
114 10 3614 279 3615 8
109 48 3616 15 3499 8
299 3617 149 620 4 363 3618 8
46 2729 3619 3620 3621
3622 2468 22 2252
3623 22 3624
9 22 12 207 15 3625 8
3626 3627 558 15 3628
812 2926 22 96
46 2759 22 3629 48 74 3630 8
46 244 22 3631 620 273 158 19 3632 8
50 48 51 3633 8
50 48 51 3634 8
1193 45 313 321 2667 4 2930 8
17 110 4 3635 59 1311 8
46 3636 48 3637 8
46 3638 48 512 309 439 8
3639 34 3640 8
206 409 15 3021 8
1807 54 106 715 8
698 34 3641
3642 18 3643 8
3644 3645 3646
13 157 54 3647 8
940 1422 297 1202 397 54 3648 8
17 63 15 989 8
1178 22 3649
1877 264 34 212
319 45 168 326 2443 8
232 22 19 3650 54 51 3651 8
41 264 15 3652
3653 89 4 2401 4 2963 8
2322 202 15 2963
17 3654 3655 8
979 22 980
3656 202 34 264
41 84 15 3657
13 3658 1798 3659 8
1173 233 22 3660
46 253 48 27 3661 8
77 3662 22 19 2045 607 27 3663 8
1312 1046 22 1320
46 3664 3665 19 1645 8
3666 3667 15 2914 8
3262 34 3668
3262 34 3668
160 874 3669 15 761 8
1494 22 1320
1178 22 3670
46 138 48 3671 8
46 3672 22 19 3673
46 267 22 19 3199
3674 279 3675 3676
46 2216 22 19 2217 518 3677 522
46 3672 22 19 3673 518 2578 522
46 267 22 19 3199 518 2578 522
3678 4 2352
979 15 209
17 54 3679 4 3680 199 411 3681 199 148 3426 8
645 1422 54 3682 8
3683 34 3684
405 22 19 3685
3686 3687 1461 3688 8
3689 3690 48 392 145 3691 8
160 2172 4 3692 3693 447 8
518 3694 522 3695 3696
518 3697 522 3695 3696
518 3698 522 3695 3696
518 3699 522 3695 3696
147 19 1025 3344 19 3171 149 3700 8
1765 34 3701
913 3702 617 74
831 22 3702
3703 22 725 3702
613 34 1068
3704 6 19 3705 48 51 3706 8
3707 3708 15 3461
3709 2187 518 3710 3711 522
281 3712 19 3713 183 153 8
281 1870 34 153
3714 54 3715 4 872 19 3716 8
3717 3718 34 3719
81 3720 10 544 15 152 3721 8
109 48 1056 74 27 3722 8
1178 22 1383 3723
3199 22 2352
2754 22 2352
3724 516 22 2200
9 3725 22 152 397 18 3726 8
3727 15 3728
1407 22 3729
213 46 440 215
3730 3731 19 2854 8
3399 34 3732
3733 26 27 3734
3733 26 27 3735
3736 313 2000 19 3737 8
77 3738 22 3739 3740
3741 168 1789 15 152 1714 8
3742 63 15 19 1003 8
77 1784 22 3743
1175 22 3744
3745 309 3746
695 635 22 925 444 569 152 8
3747 697 3748
1631 22 152 3749 48 3750 8
74 19 3751 8
77 3752 584 145 2829
190 22 3753
17 54 3754 4 3755 8
3756 34 885
3757 22 3758
3757 22 3759
3760 34 524
3761 3762 34 19 3763
160 219 3764 8
46 1046 22 3765
1046 22 3766
147 3767 149 3768 8
405 22 3767
869 204 3769 1473 19 3770 8
34 750 91 15 3771 8
869 54 3772 4 3773 8
3774 313 321 3775 8
46 773 22 27 3705 48 51 3776 8
3777 22 454
46 3778 22 3779 219 3780 8
3107 219 1151 8
17 48 1056 15 283 3781
31 145 146 558
975 152 3782 48 620 279
50 48 3783 15 3502 8
1115 34 933
2216 1150 2 1299 133 8
3784 22 3785
17 54 27 3786 8
46 372 48 3787 8
13 3788 48 3789 8
81 3790 10 544 447 8
17 54 27 3791 8
3792 3669 25
3793 2187 22 2352
3793 1298 15 3794 8
109 48 1793 4 3795 8
548 34 2068
3796 3797 558
46 3798 54 199 4 3799 15 19 1073 8
206 168 4 169 19 803 8
3800 34 3801
17 54 51 3802 8
3803 3804 34 3805
3806 1774 4 1180 8
1005 3807 3808 4 1180 8 215
13 82 54 145 3809 8
1850 1279 117 3316 15 941 8
3810 297 3811
17 179 3812 8
17 54 3813 74 3814 8
477 3815 3816 179 8
979 22 980
3817 199 3818
114 22 148 3819 386 321 3820 8
114 22 19 602 149 183
3821 4 19 3822 558 3823 8
3824 2394 22 1892
3825 1288 22 3826
3827 22 10
3828 2468 22 3826
3829 2468 22 3826
3830 3192 22 3826
3829 168 3831 4 3832 19 3833 8
3830 3834 22 3826
141 22 87
3835 4 1376 38 8
46 1594 874 15 3836 8
2057 22 1541
3837 22 1541
206 92 450 22 3372 8
17 92 450 22 3372 8
3838 3839 2513 688 3840 8
3841 2888 293 993 19 3842 8
50 48 3843 8
3844 1475 22 3845
50 562 48 15 3846 8
17 54 145 3847 8
3848 22 1383
3849 3850 94 8
1162 2796 3851 19 3852 8
46 1759 829 321 3853 8
3854 3855 34 19 3856 558 3857
319 45 74 3858 313 321 51 3859 8
3860 48 3861 4 3862 8
3863 34 3864
3674 149 3865 4 3866 19 3867 8
3868 313 3869 518 178 3870 522 8
3871 313 3869 445 3872 8
3873 386 3869 445 2748 8
2593 3874 22 3299
190 22 3875
256 3876 22 19 2578 149 3877 8
46 3878 22 152 2578 54 3879 8
50 54 551 3880 8
3881 22 3882
109 3883 3884 8
3885 54 3886 8
50 612 3887 19 474 8
3888 3889 558 15 3890 8
3891 6 3892
46 3893 48 27 3894
299 149 19 3895
3896 22 3897 15 3898 3899 8
213 695 3900 183
3901 38 314 74 3902 4 3902 2375
3901 38 314 74 3902 4 3902 2375
3901 38 314 74 3902 4 3902 2375
3903 2439 22 3904 2375
3905 3906 54 19 3907 8
17 54 3908 122 8
3909 3910 27 3911 8
2177 34 2728
3912 34 987
50 54 51 3913 8
3914 22 19 3915
160 149 51 19 3916 8
50 509 688 2152 8
1407 22 3917
1178 22 3723
3482 833 34 3918
3919 158 657
3920 34 360
109 3883 148 581 183
3921 3922 15 1852 48 3923 8
46 3924 22 19 3925 8
3926 204 3927 444 26 3336 183
3928 22 3929
41 1622 202
41 202 26 27 3930
46 1028 54 551 3931 8
17 89 4 3932 599 8
50 803 54 4 321 551 1564 8
3933 3934 63 15 19 2748 8
160 110 3935 15 1560 8
2736 276 158 3936
405 22 708
3937 4 964
299 1177 3938 4 1352 283 372 8
3939 524 54 3940 8
134 2295 54 620 8
46 1046 22 708
3941 2886 34 3942
405 22 454
3943 117 19 3944 8
1154 34 3630 3874
160 219 3945 8
299 1898 2617 2601 8
46 824 22 3946
