0 1 2 3 4 5 6
7 8 9 8 10 11 8 12
13 14 15 16 17 5 10 18 19 20
21 8 22 23 5 24
25 26 27 28 10 29
30 31 32 3 33 34
35 5 36 3 5 37
38 39 40 41 42 43
0 1 44 4 3 45
46 8 47 48 49 50 51 52
53 54 55 56 1 57 58
59 60 61 62 5 63 10 64 8 65
66 67 5 68 69 70 71 72 73
74 75 76 77 5 78 79 80 81 82
83 84 85 86 87 3 88 89
90 91 92 93 94 5 95
96 97 98 15 99 100 101 102 3 103
104 105 51 106 3 47 107
90 108 109 93 110 111
112 8 10 113 114 8 10 115 8 116
116 117 118 119 120 121 122
123 117 119 10 124 125 126 3 127 128
90 129 106 60 130 131
132 105 133 134 40 135 136 137 3 138
139 140 10 141 8 142
90 143 15 144 1 145 146
147 10 148 8 10 149
59 60 55 47 150 151 119 152
153 154 5 155 15 5 120 156 157 158
159 160 161 3 160 162
90 163 164 47 165 8 166 167 168 169
170 171 172 3 173 171 47 174 175
176 177 178 179 180 181 28 182 183 184
185 186 187 188 1 189 190
185 191 47 192 8 193 3 194
195 196 8 197 198 5 199 200 82
201 15 202 3 88 15 203 204
90 205 206 207 208 209 28 210 211 212
213 214 5 215 216 8 217
123 60 5 10 218 219
160 220 60 221 8 222 223
59 15 205 224 225 8 226 227 201 15
228 54 55 210 229 110 230 156 230 231
90 232 233 60 234 235
90 236 106 5 237 238 60 5 239 240
241 242 243 244 245 246 247 248 3 249
250 251 5 10 252 253
254 255 256 257 258 259
59 260 261 262 263 50 264 205 224 265
90 266 267 8 10 268 269 270
90 271 60 272 167 273 274 275 276
277 278 60 51 279 280 8 281 282
66 283 284 285 40 286 287
288 15 289 1 261 290
123 60 47 291 292 293 294 295 15 296
297 54 298 299 187 300 301
302 93 47 303 8 304 305
306 307 308 309 5 47 310
96 311 312 15 10 224 313 8 314 315
316 317 60 211 318 1 319 320 321
302 191 47 192 8 322 110 323 324 325
326 8 327 328 329 330
90 331 60 51 279 332 1 278 3 333
334 8 335 336 337 338 339 8 340
341 342 8 343 47 340
344 345 8 10 346 347
348 337 229 10 349 291 350 1 351
352 353 354 47 355 5 356
357 358 289 28 210 359 360 361
362 363 364 365 10 366 367
368 369 370 371 8 372 373 374 375
376 8 10 377 8 378
379 380 381 382 383 8 384
385 386 119 10 387 388
59 60 47 62 5 389 390
123 60 119 10 391 40 392
66 393 363 60 394 47 395 3 396 397
398 15 399 1 400 401 5 402 403 404
405 406 407 408 329 409
410 406 411 412 8 413 414
415 416 406 417 159 418
419 420 3 421 422 423
424 406 425 426 427 428
90 429 430 60 431 40 432 433
434 435 15 436 28 10 437 438
439 298 440 441 337 442 5 443 444 445
446 447 119 448 449 450 3 451
452 8 453 454 8 455
456 457 458 459 47 460
461 462 463 28 10 464 465
66 466 8 10 467 110 468 8 469 470
471 472 473 474 475 476
368 477 478 365 479 480 50 10 346
481 3 482 8 10 483
59 15 261 262 484 289 485 486
90 224 487 488 15 489 5 490 491
123 492 119 10 493 494
495 496 1 121 5 497
498 326 8 499 500 8 501 502 503
434 504 505 354 10 506 337 507 468 508
252 509 8 30 510 3 511 512
513 514 60 119 10 515 516
517 518 5 10 519 520
90 519 520 54 521 522 1 523 524
525 3 10 526 527 528
529 60 10 530 331 8 10 531 8 532
527 533 534 60 535 536 10 537
90 538 15 539 167 540 294 50 10 541
542 543 8 544 545 3 546 547
548 549 28 550 551 552 54 313 553 554
555 556 336 557 558 559 560
302 561 562 563 564 565 47 566 567
568 5 10 569 40 570
7 8 571 8 11 8 12
90 338 55 337 453 572 3 453 573 574
575 576 260 577 8 578
123 93 579 580 10 581 582 5 583 584
585 60 110 10 586 587 8 588
90 589 590 591 211 592 5 593 594 595
596 597 5 598 599 3 549 28 600
434 601 602 55 337 601 603 28 604 605
606 607 597 608 609 88 610 611 612 613
614 5 10 615 593 594
616 617 8 10 618 3 619 10 620
621 8 622 8 10 623 624
90 625 8 10 626 5 627
628 37 629 10 630 8 10 381 631
90 632 633 634 8 10 635 67
636 637 93 638 639 640
641 8 47 642 643 644 156 645
646 647 648 47 649 8 10 650
66 651 652 653 289 5 654 655
656 10 338 657 658 659 660 8 661
15 662 663 15 664 459 665
90 666 667 668 119 469 669 670
671 72 672 673 60 359 674 675
676 8 677 3 469 678
679 8 47 680 681 682 683 684 3 685
686 687 15 688 689 690 691
90 692 693 93 694 5 695
90 696 8 697 10 698 8 699
700 701 702 703 704 705
706 707 708 93 1 709 710
711 298 712 365 28 713 605
711 298 712 365 28 713 605
714 709 294 597 715 40 716
717 93 55 10 718 8 719
720 15 721 1 722 3 723 724 5 725
726 469 727 728 729 105 287 730
66 731 732 8 733 60 688 734
735 15 441 736 737 167 738
739 740 741 8 742 93 558 10 743 744
745 60 5 511 746 167 10 747
90 187 748 93 749 5 750
751 752 753 5 10 754 755
756 757 758 759 760 761 15 762 28 763
406 47 764 765 766 767
768 60 229 167 769 770 3 771
621 8 772 8 623 624
201 54 773 47 774 775 776 777
123 60 441 721 778 779 54 780 781 782
783 784 289 785 786 354 51 278 787
788 789 8 10 790 60 791 5 792 793
794 406 795 796 406 797
575 399 798 3 799 15 431 5 800
90 801 802 8 10 803
7 8 804 805 806 119 10 807
90 808 8 47 809 810
811 354 577 8 812 813
811 54 210 144 814 811 815 3 811 595
816 817 459 10 818 819 820
821 822 354 51 823 430
824 825 826 1 10 827 828
302 93 694 5 829 830
185 480 28 831 3 832 544 833 834 835
836 837 354 47 838 839
840 841 842 580 673 843 844 845
846 8 30 510 3 512
846 8 10 252 509 8 30 510 3 512
123 60 55 359 10 381 847 848
739 233 60 544 849 850
851 279 852 853 15 5 854
851 279 855 853 15 5 856 3 857
90 858 279 859 3 860 861 15 5 856
862 60 863 40 864 865 866
867 868 869 210 51 870 871
872 8 10 873 47 874
66 875 876 40 877 3 878 879
880 881 365 47 882 883 884
90 885 60 886 459 887 3 888 889
890 8 891 881 892 893
894 40 47 895 459 892 893 896 897
898 8 10 252 253 270 8 899
900 901 60 224 902 8 490 903
434 904 905 3 906 907 908 909 167 910
66 911 8 10 912 913 423
368 60 453 110 914 915
916 196 8 47 197 917
918 919 920 3 921 922
923 60 10 924 8 47 757 758 925
739 308 309 60 926 927
928 929 930 15 289 1 931
932 933 934 3 412 5 10 935
936 937 933 938 156 939
940 3 941 8 942 943
944 945 289 946 5 947 948
949 51 950 5 951 952
953 93 694 5 954 3 196 5 955
956 8 10 957 5 33 958
959 960 3 10 961 594
90 962 963 964 10 965
385 8 264 861 15 208 966
967 968 3 10 969 970
90 971 93 229 5 972
973 55 105 47 587 974 975 973 976 977
973 60 468 8 10 978 979 971 980
434 981 982 260 55 983 28 984 3 985
90 986 60 431 5 10 987 438
302 117 40 324 587 5 988 866
90 989 8 990 60 991
890 8 10 992 531 993 994 3 378
995 805 996 459 156 997 110 998 999
368 60 47 1000 8 47 1001 1002
385 8 264 1003 15 1004 8 1005
452 8 1006 1007 15 1008 3 562 1009
153 1010 1011 15 1012 1013 1011 15 441 1014
1015 1016 1017 1018 3 105 1019 1020 1021 1022
1023 1024 329 729 329 1025
1026 1027 5 1028 3 1029
1030 47 1031 1032 110 47 1033
1034 663 1035 337 1036 28 47 1037 346 1038
1039 1040 359 593 594 1041
66 1042 1043 1044 47 1045 558 1046
1047 1048 8 10 1049 1050
1047 1048 8 10 1049 1051
1052 15 88 1053 964 391 1054
123 1055 391 40 1056 1057 1058 1059 1060
656 1061 1062 27 807 1063
1064 1065 363 15 1066 15 359 1067 1068
1069 1070 478 1071 1072 60 5 1073
1074 60 47 1075 8 1076
714 1077 210 933 1078 8 1079 1080 364 1077
1081 10 1082 1077 1083 10 1078 1077
1084 196 8 47 197 1085 5 1086
25 28 440 40 1087 805 181 51 1088
90 1089 8 1090 105 1091 1092 1093
90 1094 8 1095 836 10 1096
66 911 881 10 1097 1098
1099 1 10 1100 8 1101
90 326 8 499 500 8 1102 503
1103 181 1104 1105 1106 1107 1108 1109 28 1110
90 587 164 10 1111 1112 3 1113 59 15
1114 1115 15 88 1116 1117 1118 156 1119 1120
1121 180 181 28 440 324 1122 1123
66 1124 1032 1125 119 47 1126 1032
1127 1128 40 47 1129 1130
7 8 1131 1132 1133 1134
1135 196 8 197 198 5 1136
1137 1138 60 749 119 47 1139 1140 1141
1142 196 8 197 1143 3 1144 5 1145 1146
1147 60 289 354 47 1148 5 562 1149 1150
1151 1152 1153 354 10 1154 60 1155
1156 229 354 47 1157 8 1158 1159
1160 1161 1162 1163 1164 459 1165 8 1166
1167 37 406 10 1168 1169
1170 1171 5 1172 505 354 1173 1174 1175 1176
1177 8 10 1178 814 402 3 1179
511 378 93 1180 167 1181 1182
890 1071 468 54 1183 10 1184 1185 177
66 911 881 1186 663 1187 1188 1189
1190 1191 1192 8 10 1193 3 1194 1195
1196 1197 55 681 1198 47 1196 1199 1200
90 1201 1202 60 1203 1071 1204 1205 1206
434 8 10 1207 1208 28 1209
1210 8 10 1211 3 1212
840 3 1213 15 1214 689 1215 1216 1217
1218 60 1219 5 1220 1009
726 1221 1222 10 1223 1224 459 10 1225
1226 60 47 1227 1228 1229 1078 73
7 8 308 1230 5 1231
25 10 43 60 229 8
1232 119 47 1233 1234 1235
368 60 453 110 10 1236 915
1237 60 1238 167 47 1239 1240
1241 60 1238 167 51 1242 1243
1244 60 1238 167 10 1245 3 1246 1247 1248
96 1249 8 1250 490 1251 8 1252 60 1253
452 8 1254 1255 1256 3 1257
1258 110 580 10 1254 1255 1259
1260 1261 5 1254 1255 1256
160 1070 478 1262 8 1263 1264
1265 93 10 1266 8 1265 1267
1268 8 264 1269 15 1270 167 10 1271 1272
1273 1274 1275 1276 1277 5 47 1278
1279 1280 1281 1282 1283 1284
1285 60 1180 167 10 1286 1287
1288 40 1289 1290 1291 10 1292
90 1293 1294 1295 40 1296 1297
176 262 1298 1299 3 1300 1301
1302 8 10 1303 1304 1305 40 1306
1307 28 469 549 1308 660 1309 150 1310
1311 1312 1313 1314 469 1315 1316 1317
1199 3 1318 5 294 50 815 1319
1304 1320 805 1321 1322 1305 40 1306
1323 47 1324 1325 815 1326 47 1327 1328
1329 354 1320 1330 40 1331 1332 1333
1334 441 28 1335 609 1305 40 1306
1334 441 5 1336 354 10 1337 8 1338
1329 1339 3 1340 40 1341 5 1331 1342
1343 1 294 1344 47 197 1 1345 1346
1347 1348 8 1349 3 1350 1351 40 1306
1320 119 1352 1353 5 1168 1354 1355 1356
1357 1358 1359 3 1360 1361
1320 1362 441 1363 1364 1365 354 815 1363 1366
1367 28 10 1368 1304 1333 1305 40 1306
815 1369 1331 1370 1345 1327 1371
25 609 1331 1372 54 1373 10 1374 1375
1376 475 1377 1352 1378 3 1379 54 1380
1381 1382 3 1383 1333 1305 40 1306
815 1384 1091 1385 40 1386 459 1387 28 1388
1389 337 1091 1390 3 1391 1091 1392
1393 60 1394 1395 1396 1397 1398 1399
815 1400 1401 778 1320 1305 40 1306
1402 1320 1331 1403 1108 1352 1404 1405
1406 1407 10 1408 3 1409 1296 28 10 1410
1411 1412 1413 3 1414 1415 1416 1417
96 1418 5 1419 1304 1333 1305 40 1306
1420 1421 1422 1423 1424 1425 1426
327 1427 1428 1429 1430 1431 1432
1420 1421 1422 1423 1433 1421 1434
1435 1436 1437 1438 1439 1440 1441 1442
1435 1436 1443 1444 47 1445 1446 1447
1420 1421 1422 1423 1433 1421 1434
1448 1449 1450 329 1451 1452 1453
1454 1455 1456 1457 1458 1459
1420 1421 1422 1423 1433 1421 1434
1460 1437 1461 1462 1463 224 1430 1464
1465 1466 1430 1467 1468 1469 1470
1420 1421 1422 1423 1433 1421 1434
1471 1472 1473 1474 1475 1476 1477 1429 1478
1479 329 1472 1480 1481 1482 1483 1484 1485
1486 1456 1463 224 1430 1487 1458 1430 1488
1420 1421 1422 1423 1433 1421 1434
1489 1490 1491 1492 329 1493
1494 1495 1496 1424 1497 1498
1499 1430 1500 1501 1451 1502 1503
1420 1421 1422 1423 1433 1421 1434
1504 1505 1506 1507 1508 1509 1510 1511 1512
1513 1514 1515 1516 1517 1518
1519 1520 1521 1513 1522 1523 1524
1521 1525 1526 1527 1506 1528
1529 1530 1531 1532 1533 1534 1535
1536 1537 1538 1539 1540 1541 1542 1543
1544 1545 1539 1546 1547 1527 1505 1506 1528
1548 1549 1539 1550 1551 1552 1541 1553
1554 1555 1556 1557 1506 1558 1559 1560
1561 1562 1563 1564 1533 1565 1566
1506 1567 1568 1569 1570 1527 1506 1528
1571 1572 1573 1521 1574 1575 1576
1577 1578 1579 1542 1580 1581 1582
1583 1584 1539 1585 1552 1586 1513 1587
1588 1589 1513 1588 1590 1527 1506 1528
1591 1592 1552 1593 1594 1595 1596
1552 1597 1513 1598 1599 1600 1601
1602 1603 1604 1539 1505 1605
1606 1607 1608 1511 1505 1609 1506 1610
1519 1611 1612 1613 1614 1505 1615
1616 1617 1618 1506 1552 1619
1620 1621 1622 1584 459 1623
1552 1624 1513 1604 1569 1570 1527 1506 1528
1625 1626 1627 1628 1629 1630
1631 1632 1633 5 1634 1635
1636 1637 1638 1639 1638 1640 1641
327 1642 1643 1644 1645 1646 1647
1648 1649 1650 1651 1652 1653
1631 1654 1655 1656 5 1634 1657
1658 1627 1659 1660 1661 1662 1663
1664 1638 1665 1666 1667 1668
1669 1670 1634 1671 1672 1638 1673
1674 1675 1676 1677 1678 1679
1680 1681 1675 1676 1677 1682
1683 1684 1685 329 1676 1686
1687 1688 1680 1689 1296 1690
1691 1692 1693 1694 1695 1696
1697 1698 1699 1700 47 1701
1702 1680 499 1689 1703 1676 1704
1705 1706 1456 1707 1708 1709
1710 1711 1712 1681 1675 1713
1697 636 1714 1715 1716 1677 1717 1718
1719 1675 1720 1721 1722 1723
1724 1725 1726 1727 1725 1728
499 1437 1729 1727 1730 636 1731
1732 741 1733 1734 1703 1676 1735
1736 1737 1727 1738 1739 1740
499 1741 1296 1742 1743 636 1744
1745 1743 1746 1747 1748 1681 1675 1713
1749 1684 1750 1751 47 1751 1752
1697 1753 1754 636 1755 1756
1757 1758 499 1759 1437 1760
1761 1762 1759 47 1763 1727 636 1764 1765
1732 1741 1766 1767 636 1768
1710 1769 1770 440 1771 1458 1772
499 47 1773 1762 1774 1775
499 1776 1727 1681 1675 1713
1680 1296 1777 47 1778 47 1779
1780 1677 1781 1727 1782 1753 1783
1304 1784 1675 1785 1786 1787
1788 1458 1773 1762 1681 1675 1713
1789 1790 1791 1792 1793 1794 1795
1796 1797 1798 1799 1790 1791
1800 1801 1802 1799 1790 1791
1803 1804 1805 1806 1807 1808 1809
1810 1811 1812 1799 1790 1813
1814 1815 1816 1817 1818 1819
1820 1821 1822 1823 1824 1825
1826 1827 1828 1829 1799 1790 1791
1830 1831 1832 1833 1834 1835 1836
1837 1838 1839 1840 1824 1841 1842
1814 1843 1844 1845 1846 1847 1848
1849 1850 1851 1850 1852 1853 1854
1855 1856 1857 1858 1859 1860 1861
1862 1863 1806 1864 1802 1799 1790 1791
1830 1865 1840 1866 1867 1868 1869
1837 1838 1870 1838 1856 1871 1799 1790 1813
90 1872 5 1873 1874 280
1875 5 10 1876 1874 3 1876 758 1877
1878 1879 1880 1881 1882 1883
1875 5 10 757 758 326
1884 1187 8 10 1885 1886
3 459 10 1887 8 1888
1889 1890 60 47 211 279 577 8 1891
1892 1893 1187 400 1894 1 1895 468 1896
1897 10 1898 1899 1900 1901 1902 589 1903 1904
1905 1906 1907 1908 47 1909 8 1910
297 28 1911 1065 5 822
1912 60 579 580 10 1913 1914 1912 10 1915
434 1087 805 1187 1916 1917 337 1918 1919
1920 8 1090 55 1921 663 610 337 229 1922
1923 60 47 1227 1228 1229 1078 73
1924 15 1925 1926 3 1221 5 1927
1928 15 47 1929 1 1930 1931
1932 8 1167 1933 3 1934
1935 400 1936 1937 15 1938 1939 28 1940
1941 1942 1943 8 10 1944
1945 93 694 5 1946 1947
59 15 262 345 3 1948 5 10 1949
1950 1951 55 681 1952 1953
1954 298 440 441 337 1955
90 1956 1957 54 1958 1959
297 47 1960 1874 650 60 1961
434 1962 1963 15 5 10 1964 8 1965
1966 1967 946 60 289 5 1968 3 262 1969
1970 60 10 1971 1972 1 10 1973 1974
1975 1976 8 10 252 1977
534 1978 3 1979 1980 1981
1982 742 8 10 534 1978
302 229 1983 10 1984 1985 766 5 1986
1987 1988 564 60 1893 289 5 1989
201 15 1990 28 1991 1992 1993
1994 1995 1996 1407 47 1997
66 1998 5 47 1999 2000
66 1126 1998 119 47 2001 2002
1954 551 2003 2004 610 2005 10 220 2006
2007 15 88 2008 354 2009 28 2010
2011 55 15 51 2012 767 8 2013 2014
2015 2016 2017 60 10 232 2018 2019 8 2020
90 2021 3 33 34 2022 15 212
1950 2023 3 2024 54 210 1261 459 2025
2026 8 2027 2028 5 324 2029 8 2030
368 1251 8 2031 93 2032 2033 5 2034
66 2035 2036 3 47 2037 8 469 2038
2039 8 10 2040 3 1042 2041 345
2042 2043 2044 5 2045 2046 2047
90 789 689 1318 8 10 2048
90 1067 2049 54 2050 10 2051 1077 156 1077
1197 110 10 1976 8 47 2052
2053 2054 2055 2056 3 2057 2058
2059 466 8 2060 2061 1999 5 2062
96 2063 610 806 2064 5 10 2065 2066
66 2067 2068 2069 54 2070 5 47 2068 2071
2072 54 55 2073 2074 50 29 2075
66 2076 5 10 2077 32 2078
66 2076 374 469 2079 1 2080
2081 3 2082 8 324 2083
2084 5 10 37 8 564
2085 1126 2086 2087 2088 3 2089 2090
368 60 1071 47 2091 2092 2093
2094 2095 60 10 2096 2097 5 490 903
2098 60 10 2099 2097 5 490 903
2100 8 10 2101 8 2102
2103 2104 47 2105 5 2106
90 971 60 2107 459 205 453 2108
2109 54 55 210 289 354 2110
123 60 2111 2112 119 10 2113 2114
2100 8 10 2101 8 2115
2116 60 2117 354 47 1095 167 10 758 2118
1050 8 667 3 2119 2120 167 10 252 253
2121 2122 51 279 2123 5 10 2124 2125 2126
90 2127 2128 2129 2130 60 10 2131 2132 2133
90 2134 10 2135 3 10 2136
2137 3 2138 2139 5 10 2140 2141
2142 2143 2142 2142 2143 2142 2144
2145 2146 55 105 47 2147 359 2148
66 2149 119 10 803 60 579 580 2150
59 15 338 224 2151 8 2152
90 1078 60 579 5 2153 8 2154 2155
90 2156 2157 2158 28 2159 10 2160 8 2161
2162 593 594 2163 10 2164 93 2165
615 2166 8 10 2164 580 2167 93 2168 2169
2170 105 2171 663 2172 54 2173 28 400 2174
90 2175 60 431 5 2176 47 1251 8 2177
2178 5 2179 3 2180 2181
2182 2183 3 2184 5 2185 2186 156 2187
2188 196 8 2189 5 2190 2191
28 10 2192 2193 2194 3 2195
2196 2197 2198 1 664 2199 201 15 359 2200
90 1031 1032 60 579 580 2150
2201 3 2202 337 205 2203 2204
1329 5 1345 2205 946 181 469 2206 2207
90 740 224 2208 8 10 2209 60 2210 2211
739 2166 60 2212 2213 2214
90 2215 60 2216 2217 2218 10 2219
90 2220 8 47 2221 2222 60 468 2223
201 336 474 436 28 2224
995 805 2225 2226 15 359 2227
2228 2229 8 10 70 2230 3 10 2231
66 2232 2233 2234 5 10 2235 2236
2237 10 2238 2239 8 394 2240
2241 8 2242 2243 40 400 2244 2245
60 47 589 2246 3 2247 2248
2249 2250 2251 5 10 346
302 105 55 996 119 2252
2253 587 60 983 354 2254 156 88 354 2255
90 2256 60 55 484 289 1 2257
2258 8 2259 10 30 5 2260 2261
2262 2263 8 10 1167 593
90 2264 2265 2266 5 2267
575 2268 1907 933 2269 28 61 2270 47 2271
66 839 2272 338 1087 5 47 2273
90 2274 3 10 2125 594
90 467 8 2275 60 10 2276 1070
2277 336 210 2278 119 2279
2280 40 10 2281 3 2282 469 2283
90 2284 28 10 2285 2286 2287
2288 1345 2289 10 1003 2290
2291 2292 3 2293 2294 10 2295
2296 3 2297 2298 93 222 2299 3 2300
59 60 55 1017 2301 574
2302 2303 54 210 2304 2305
2306 2307 10 232 2308 2 2309
185 93 140 2310 3 93 51 2311
2312 2313 60 10 232 2314 2315 2316 2317
2318 2319 60 10 232 2320 8 10 2321 2322
2323 8 2324 1 2145 2325
995 805 2326 5 2327 154 15 359 2328
123 60 1893 2329 354 47 2330 156 2331 2332
2333 2334 2335 2336 1 10 2337
2338 8 2339 2340 3 400 2341
2342 2343 2344 3 2345 663 2346 580
2347 2289 2348 2349 2350 459 10 2351 2348 826
2352 2353 1256 3 262 2354
2355 60 431 5 172 2356
2357 2358 60 10 2359 2360 8 1101
2361 2362 2363 2364 8 10 2365
90 641 336 441 210 2366
90 2367 8 10 2361 2362 2368
90 2369 2370 2371 5 2372 2373 2374
90 349 2044 2375 93 10 757 2376
2377 3 2378 8 2379 2380
176 2381 105 2089 5 2382 469 359 2383
302 2384 10 564 5 2385 3 10 2386
2387 5 2388 2389 1279 2390
2391 93 2392 5 10 2393 2394
297 2395 2396 10 2397 8 2398
2399 1313 2400 2401 580 2402
13 2403 2404 15 10 2405 2403 8 2406 2407
2042 1087 805 337 133 2408
7 8 2409 5 10 252 253
66 2410 8 51 278 971 3 47 2411 971
2412 15 278 1256 453 110 2413 2414
2415 15 736 2416 2417 610 15 2418
90 824 2419 2420 60 459 10 2421 2422
90 224 2423 836 2424 2425 2426
2427 105 338 2428 2429 3 2430
7 8 2431 2432 167 775 2433
2105 2434 7 8 2431 2432 167
7 8 2431 2432 167 2435
2436 7 8 2431 2432 167
2437 54 55 2438 28 2439 2440 475 2441 2442
7 8 2431 2432 167 2443 8 2444
2445 8 2446 7 8 2431 2432 167
2447 2448 7 8 2431 2432
66 2449 336 210 2450 156 2451
2452 2453 8 2454 3 2455
7 8 2456 2457 5 10 252 509
90 989 8 47 2458 60 47 2459
2145 468 8 264 2460 54 2461 2462 2463 2464
2465 55 2466 47 2467 577 8 2468
2469 2470 205 14 8 2471
66 2472 2473 50 469 2474
113 2475 2476 2477 8 2478
2479 2480 8 2404 1275 2481 3 2482 2483
113 2475 2484 2477 8 2478
113 2475 2485 2477 8 2478
59 15 453 2486 8 2487 5 2488 3 2489
2490 8 723 156 2491 8 10 2492 2483
2493 8 2494 2495 55 2496 261 2497 5 2498
7 8 2431 2432 167 2499
1042 2432 167 2500 2499 2501 2502
2503 7 8 2431 2432 167
59 60 10 64 8 2504 5 2505 2506
185 2507 2508 2509 2510 3 2356
2511 1035 210 1053 40 2512 156 2513
90 2499 1077 8 47 520 8 2514
2515 40 2516 2088 2517 5 593 594 815
302 93 694 5 2518 33 2519 28 2520 2521
2522 196 8 2523 2524 5 2525 200 82
2526 60 2527 2528 28 210 2529
66 2530 2531 60 2532 2533 28 47 2534
7 8 2431 2432 167 2435 2535
890 8 2432 881 2435 2535
2536 2535 1 2537 2538 2539 3 2119
2536 2540 7 8 2431 2432 167
66 2541 2542 60 2543 2544 119 10 2545
2546 2547 1261 5 2548 2549 10 2550
2551 2552 2553 459 47 2554 5 32
2555 2556 110 2557 2551 1889
90 2558 2559 8 47 2473 2560 60
1357 2561 28 2562 690 663 2563 2564
2565 2566 468 2216 2567 2568
2569 2570 10 2571 110 363 180 2572 5 2573
2574 302 663 229 10 2575 5 2576 2577
2578 2579 459 1296 1 2580 294 2581
66 2582 2583 40 47 2584 224 2585
7 8 2586 167 689 1911
2587 60 10 1037 2127 2588 8 2589
123 2590 356 2591 210 475 10 2592
2593 1186 1893 337 47 2594 2592
90 2175 8 2595 3 2596 2597
252 253 2598 2599 2600 40 47 2601 2602
2603 8 47 2604 2605 40 47 2606 2607
2608 93 55 47 2609 949 2610 180 93 2611
575 2612 440 441 2613 5 600
2614 2615 119 10 2616 1219 119 2617
2618 299 400 2559 118 110 2619 951 2620
7 8 2431 2432 167 2621 2622
2623 2624 7 8 2431 2432 167
2625 2626 2627 2628 28 2629 2198 3 299 2559
2630 663 15 1091 2631 289
90 349 2632 143 260 289 5 10 2633
2634 54 210 2635 2615 119 453 2636
2637 663 15 5 239 2105 2638
90 232 233 60 2639 2640
96 2641 2642 2643 8 2644 15 2643 8 2645
2646 93 2647 459 2648 2649 3 500 2650 2651
7 8 2431 2432 167 2652
2653 7 8 2431 2432 167
2654 2655 5 10 252 253
2656 2657 2658 3 2659 2660
2661 54 2662 946 110 2663 3 2664
2021 2665 2666 743 2667 2668 362
2669 454 8 2670 110 2671 2672 28 2673
2674 93 2675 5 2520 3 1132 2676 1054
2308 388 1 10 2677 8 2678
2679 2680 119 10 2681 8 2682
25 2683 2684 40 10 29
2685 8 2686 2687 3 2688
2689 814 51 2690 2691 2692 8 2693 2694
2695 363 2696 28 2676 2697
90 2698 260 2699 167 51 2193 2700 2701
890 8 891 40 1262 8 2702 893 2703
890 8 2702 893 881 2704 2431 2705 2706
90 308 2707 98 60 359 2708 2709
2549 663 394 2710 337 10 2711 2712
368 54 507 210 791 40 47 2713
2714 60 2715 167 10 1976 8 51 2716
90 2127 331 5 2717 2718 60 2719
2720 3 2721 1071 10 2722 15 453
13 2723 2724 10 2725 8 2726 2727
66 2728 2499 736 2729 468 156 1017 2730
2731 10 2732 2733 93 2734 2735 167 2736
2733 105 47 2737 2738 40 2739 5 866
123 105 338 2740 2741 2742 3 2743
2744 8 2745 2746 2410 2747
2744 8 2748 2746 2410 2747
2744 8 2749 2746 2410 2747
2744 8 2750 2746 2410 2747
2744 8 2751 2746 2410 2747
2744 8 2752 2753 2746 2410 2747
2744 8 2754 2746 2410 2747
606 2755 2756 167 2757 3 2758 2759
66 2760 2761 40 1017 2762 2763 5 2764
2744 8 2765 2746 2410 2747
2744 8 2766 2746 2410 2747
2744 8 2767 2746 2410 2747
2744 8 2768 220 2410 2747
2744 8 2769 2746 2410 2747
2744 8 2770 3 2771 2770 220 2410 2772
2744 8 2770 220 2410 2747
2744 8 2771 2770 220 2410 2747
90 232 2773 2774 60 1905 2775 2776 2777
5 10 2778 3 2779 2780
2781 8 453 2151 8 2782
570 54 2783 10 1067 1065 40 1077
570 54 2783 10 2784 1065 40 1077
570 54 2783 10 1066 40 1077
570 54 2783 10 2238 2785 1065 40 1077
2786 644 60 294 17 505 524
2744 8 2787 220 2410 2747
2744 8 2788 2746 2410 2747
2789 2790 40 2791 28 2792 2793 2794
90 2795 2796 944 2797 2798
90 2799 8 10 2800 2801 8 2802
147 2803 2804 110 933 2805 8 2806 2807 2808
2637 663 15 5 2551 2105 2638
2809 2810 8 2811 2812 2813 15 400 2814 2815
2816 15 1893 2817 1 2810 2818
96 2819 2820 2821 2822 15 2823 2824 1 2825
2826 2827 2828 2829 2830 15 294 2819 2820 2831
201 15 55 279 5 2832 505 2833 2834 2835
2744 8 2836 2746 2410 2747
815 2837 570 2838 2839 570 2837 462 2840 2577
2744 8 2841 2753 220 2410 2747
2744 8 2842 2746 2410 2747
2744 8 2843 2746 2410 2747
2844 2845 289 28 2846 47 2270 28 47 2847
2848 2849 2130 15 2850 3 2851 1474 2852
66 2853 2238 459 10 2854 8 47 2855
471 2856 8 505 47 2857 60 327 2858
66 2859 2856 8 689 2860
341 1186 1187 453 2151 8 1985 2860 2861
2862 10 30 1238 10 2863 268 2864
90 2865 5 2866 15 2867 3 2868
90 2865 5 2869 15 2870 2871 2872 3 2873
90 2865 5 2874 15 2875 2876 2877 3 2878
90 2865 5 10 531 15 2879 2880 3 2881
90 2882 2697 105 133 2883 50 158
90 2865 5 10 531 15 2884 3 2885
90 2865 5 10 531 15 2886 2887 3 2888
2889 60 55 289 5 2890 2891
2892 2893 2894 736 2895 10 2896 8 2897 2898
90 2899 2900 3 47 2901 5 2902 2903 2904
2905 2717 2906 2907 643 2499 2218 10 2908 2906
302 93 2909 167 324 1446 2910 595
2911 93 51 2912 2913 5 10 2914 2915
90 2916 8 47 2917 2918 2919 2920
2921 2922 5 10 2923 609 15 1214 2924 1993
90 1911 983 28 10 2925 2926 993 2927 2928
2929 2930 354 2931 2932 5 10 2933
2934 8 10 2935 8 10 2936
2744 8 2937 2746 2410 2747
7 8 2938 2939 5 10 2940 2941
2942 1 2943 5 215 177
2942 354 2944 459 2945 2946 1983
60 47 589 2247 3 2947 2948 1019 167 2949
96 2950 2951 1893 2952 2180 2953
2954 2955 3 10 2956 2957
2958 54 210 2959 167 2960
90 2961 2962 2963 2964 2965
90 233 8 2966 60 2967 2968
2969 10 2970 2971 2972 5 2973
2974 2975 2976 1 2977 3 1304 2976 1 2978
2280 2979 2980 60 10 792 2981 8 2982
59 15 205 2151 8 19 1252 2983
679 8 10 2984 15 5 10 2985
2986 2987 2988 2989 2990 2991 2992 2993 2994 2995
2996 5 10 2997 2111 2998
2999 3000 5 3001 3002 645 185 60 47 3003
2145 531 60 579 580 469 3004
3005 10 2175 1 838 3006
3007 40 562 8 10 2711 2403
1905 942 3008 60 2021 3009 3010 3011
90 3012 60 3013 167 1020 3014 3015 3 3016
177 3 367 28 10 3017 1050
3018 3 3019 2409 8 3020
3021 3022 3 3023 294 561 3024
66 3025 8 10 3026 1178
368 911 478 10 3027 8 10 3028 3029
3030 8 10 2262 3031 3032
7 8 3033 8 622 8 10 3034 5 3035
90 2057 625 8 2140 3036 3037 110 400 3038
3039 454 8 3040 5 3041
96 3042 10 3043 8 499 60 47 2405 3044
3045 3046 3047 3 3048 3046 3049
3050 3051 3 3052 2205 3051 5 6
379 2205 3051 5 3053 2192 2106
123 60 10 2906 924 8 3054 3055
90 64 8 3056 60 5 3057
3058 3059 3060 3061 3058 3062
3063 3064 3065 3066 3067 3068
3069 505 1384 156 3070 1 1973 2160 3 3071
66 3072 3073 40 324 3074 90 3075 3076 2651
3077 60 3078 47 124 3079
2280 47 3080 1183 3081 3082 3083
90 2107 8 3084 8 3085 60
90 2107 8 3084 8 3086 60
90 2711 2107 8 10 1001 3087 629
3088 3089 3090 3091 558 2740 167 3092 400 3093
3094 911 8 10 3095 3096 28 3097
949 47 3098 1 62 906
3099 3 3100 3101 3102 3103
3099 3 3100 3104 3102 3103
3099 3 3100 3105 3106 3 3107
3108 1745 60 3109 28 3110 3111
66 3112 3113 110 47 3114
96 505 3115 10 766 2948 3116 10 3117 611
3118 8 2784 3 3119 3120
66 3121 2975 3122 1745 3123 3124 66
90 3125 17 10 3126 3127 60 459 3128 582
1950 3129 40 436 2023 15 3130 3131
3132 3133 8 10 252 509
105 133 3134 1020 775 167 3135
90 2276 1033 478 10 3136 8 3137 5 3138
3139 964 10 3140 5 3137
3141 3142 3143 3 582 3144
3145 15 3146 660 167 3147 3148 3149
90 3150 993 3151 3152 3 3153 1284
3154 3151 93 2675 5 2520 3 1132 2676 1054
3155 993 3156 3 3157 3158
368 477 3159 10 3160 993 3156 3 3157
368 477 478 10 3160 993 3156 3 3157
3161 3162 5 47 3163 3164
66 3165 8 3166 286 3167
2848 3168 663 337 3169 3170 15 3171 3 3172
1905 564 54 210 144 814 205 3173
815 3174 5 3175 10 3176 3177
815 3174 5 499 3178 324 507 3179 702 3180
302 93 3181 167 10 766 8 10 969 3182
3 694 8 10 3183 3184
93 3185 3186 3 93 3187
1367 10 1037 2289 180 2749 184
3 60 3188 459 10 3189 1387 8 10 3190
815 3174 5 10 969 3191
815 3174 5 3192 10 3176 3193
2565 5 499 500 324 507 3194 702 1333
3195 93 3181 167 10 969 3196
90 1037 2289 180 2749 2715 110 10 3197
815 3174 5 10 969 3198
815 3174 5 3175 10 3176 3177
815 3174 5 499 3178 324 507 3179 702 1333
805 93 3181 167 10 969 3191
93 3185 3186 3 93 3199
1367 10 1037 2289 180 2749 3200
180 60 3188 459 10 3189 1387 8 10 3201
815 3174 5 10 969 3191
815 3174 5 3192 10 3176 3202
805 93 3181 167 10 969 3191
10 1037 2289 180 2749 110 10 3203
815 3174 5 10 969 3191
3031 2147 8 10 822 3204 3205 3206
815 3174 5 3175 10 3176 3177
815 3174 5 10 969 3191
21 119 10 3207 3208 876
3209 3210 3211 28 2544 197 1143 3212
66 3213 8 1087 15 3214
3215 3216 8 10 252 253
3195 60 2675 5 10 3217
297 10 3218 60 3219 3220
3221 3222 3 3223 3224 5 2192 3225
3226 8 3227 3228 3229 3230
7 8 33 34 3231 3232
90 3233 8 10 160 676
3234 15 1893 3235 40 2919 3236 359 3237
33 694 3238 1275 3235 1 3239
1069 3240 3241 167 3239 110 3242
123 54 55 3243 3244 289 3245 40 3246 3247
3248 3 3249 3250 260 1917 3251 3252
90 766 3253 5 47 3254 8 1126 3255
33 3256 8 3257 3258 2586
66 3259 3260 60 47 3261 3262 3263
3264 354 47 611 8 3265
3264 354 47 611 8 3266
471 3267 3268 10 3269 3270 8 3271 3272
66 774 3273 8 3274 3 2676 3275
3276 3277 3278 663 3279 3280
3281 474 459 1029 3 469 3282
3283 459 10 2123 8 3284 3285
3 469 3286 40 10 3287 3288 356 119 3289
3290 3291 3292 60 324 3293
132 3294 3 3295 3296 741
90 3125 17 3297 2051 60 459 3298
3299 3300 3301 3 3302 3303
3304 10 3305 1251 5 490 187 3306
3307 490 5 10 3308 3309
1367 10 3310 551 3311 3312
2826 3313 15 47 211 279 2820 3314 5 3315
1950 3316 3317 3318 3 3319
7 8 3320 5 10 252 253
3321 196 5 988 3322 8 3323 3324
10 3325 110 3326 28 3327 5 3328 3329
90 2140 121 5 3330 639 60 3331
3332 3333 60 3334 1108 47 3335 3336 5 3337
3338 3 3339 8 3340 3341
3342 406 10 3343 28 3344 3345
2042 3158 8 10 3346 3 3347
3348 8 399 3346 3 3347 3349
3350 2272 1087 119 47 3351
66 3352 60 3353 167 171 8 47 3354
96 262 2811 3355 15 475 3356 3357
3358 681 3359 3360 3361 3362 3363
368 60 47 3364 8 3365 3366
3367 47 3368 354 47 3369 3370
2975 3371 3372 3373 3374 3371 2980
3375 55 561 3376 3 3377
59 15 338 3378 8 3379
3380 3381 3382 10 252 253
2026 8 3380 3381 5 47 3383 5 2679
66 511 3384 5 10 3385 8 511 3386
3387 105 55 431 1017 798 3 3388 119 3389
3390 10 3391 721 3392 15 3393 3 3394
726 3395 3396 3397 3398 3399
90 822 3400 3401 3402 3403 2756 10 3404 3405
3406 205 3407 8 3408 3409 15 3410
13 3319 15 3411 441 5 3412 822
1950 3413 3414 15 289 1
3415 3416 15 3417 663 3418 3419
153 3420 3421 2413 3422 993 47 3423 8 3424
90 3425 54 210 1219 2389 3426
123 60 47 3427 593 3428 3429
297 642 3430 27 47 3431 3432 3433
3434 3435 8 10 252 509
3436 3437 8 10 3434 3435
3438 3439 3440 15 359 3441 3442
297 28 3443 5 51 3444 2941
176 180 3445 180 1171 5 3446 3447 324 1888
90 3448 459 10 3449 8 3450 3451
90 252 253 2705 3452 3453
66 3454 3455 1990 28 3456 3457 754 755
66 3455 5 47 3458 5 3459 3460 985
3461 3250 15 2439 40 1087 5 3462
176 180 196 789 1087 181 3463 17 2150
385 10 3464 191 2389 3465 8 10 3466 184
66 252 253 3467 3468 3469
3470 54 3471 3472 3473 363 3474 3475 3476 3477
90 3478 8 3479 93 3480 167 3481
3482 8 3483 5 10 3484 8 10 3485
3486 8 10 338 3487 3485
3488 639 3489 156 3490 3491
7 8 3492 3493 3 3494
7 8 3495 3493 3 3494
90 3496 5 3404 3497 3498
3499 60 1893 3500 40 3501
495 3502 3 3503 8 10 3504 3505
7 8 974 3506 167 3507 3399
59 260 1017 3508 663 10 3509 3510 594 3511
3295 3512 60 10 3513 8 3514 2320 3515 3516
3517 3518 8 10 252 253 3519
3520 10 3521 60 47 3522
3523 3524 3525 1429 3526 329 3527
3528 3529 459 47 564 3530 5 3531
90 2940 611 8 10 335 60
90 3532 3533 119 10 3534 3535 329 3536
90 3537 3538 60 3539 10 3540
3541 119 10 3542 406 66 3543 3544
3545 329 3546 5 3547 3548
302 93 694 5 3549 3550
3551 3552 354 289 5 3553
3299 8 47 3554 3555 3556 2343
7 8 3557 3258 766 861
3558 3559 60 365 3560 60 3561
3562 60 47 3563 3241 167 3564 3565 5 3566
3567 1183 10 3568 3125 1 2216 3569
3523 3570 3571 1429 3572 329 3527
956 8 10 2225 8 3573
3574 3575 3525 3 3576 8 3527
3574 3575 3525 3 3577 8 3527
90 989 8 10 3578 3579 60 10 3580 3581
3582 55 229 47 3583 1021 1022
3584 869 3585 110 467 28 467 3586 552 3587
1950 3588 260 10 3589 752 3 3590
90 3591 8 10 3505 1259
3592 2218 468 3593 3594 3595 260 3596
59 15 338 3597 663 15 2008 3598
3599 3600 5 453 1204 3601
3602 98 15 453 3603 28 3604
90 1037 3605 60 47 3606 3607
13 15 10 435 5 2509 3 2356
3608 3609 3610 3611 3612 3613
3614 3615 3616 3617 3618 3619
3620 3621 3622 3623 3624 3625
3626 3627 3628 3629 3630 3631
3632 1352 3633 336 10 3634 8 702 3635 3636
3637 551 597 1 47 1087
2838 3638 1352 3638 1352 3638 1352 3639
3637 3192 2803 551 110 10 3640 8 3641
3642 337 3643 28 3644 28 175
147 3645 28 210 3646 28 3645 28 210 3647
3637 3648 3649 3 10 3650 3651 1304 3652
3642 869 3653 2074 702 3654 1 3655 1304 3656
123 93 1019 167 3657 3658
3659 440 441 3660 119 3661 3662 47 3663
2137 3037 3 3664 1185 3665
7 8 1960 3666 167 3667 8 3668
815 3174 5 3175 10 3176 3177
815 3174 5 499 3178 324 507 3179 702 3180
302 93 3181 167 10 766 8 10 969 3182
3 694 8 10 3183 3184
93 3185 3186 3 93 3187
1367 10 1037 2289 180 2749 184
3 60 3188 459 10 3189 1387 8 10 3190
815 3174 5 10 969 3191
3669 3670 3671 3672 8 1181 3673 3674 3675
3676 8 10 3677 3678 3679
3680 1893 171 1017 904 3681 663 47 3036 3682
3683 490 60 47 3684 3685
123 60 3253 5 3686 3687 3688 3689 3 3690
123 60 468 8 10 3691 3692 3693
1393 610 597 3 3661 610 3694
297 610 3695 3696 140 1275 737
3697 3698 8 262 3699 3 3700
3701 3702 119 47 453 911 3703
147 1183 3704 354 3705 1183 3706
123 3707 3708 3709 47 3710 3711 3712
3713 60 47 3714 331 8 3715 3716
90 3717 3718 441 3719 1 10 3720
90 3717 3718 441 3719 1 10 3720
59 60 55 562 3721 3722 3723 5 10 3724
66 3725 3726 3698 642 475 47 3727 3728
1905 1446 3729 3730 60 47 2431 3731
302 93 10 3732 8 10 3733 3734 3735
302 55 3736 1 90 3737 3738
3739 3740 60 3741 354 3742
96 32 3743 260 359 3744
3745 3694 3746 3 3747 201 3748 3694 3749 3750
3751 3752 5 47 3753 40 3754
3755 93 579 580 3755 3756
90 326 8 499 500 8 1102 3757
90 3758 2387 8 3759 3362 3760
3761 3 10 3762 8 757 1094
66 3763 8 47 3764 5 3765 3766 3767
706 3768 260 55 694 5 3769
3770 3771 468 8 261 3772 5 3773
90 3774 3775 3776 3 3777
3778 60 2008 51 3779 3780
90 2123 8 3781 5 10 3782 3783
90 3784 3785 60 736 10 3786 8 10 3787
3788 477 8 10 2325 3789 5 3790 3791
302 60 3792 5 394 1876 1874 3 758 3793
2192 2193 1876 3794 2105 2638
7 8 308 1230 5 3795
3796 8 3797 336 337 47 3798 3799
3800 3801 324 3802 3803 28 3804 459 3805 3806
3807 260 289 167 10 3808
201 736 229 10 3809 110 3810 3811
90 2499 8 3812 3813 3814 110 3815 3816
90 789 399 3817 5 3812 60 3818 3819
3820 2016 3821 3822 3 3823
3824 3825 3826 459 10 2854 40 47 3827
156 60 577 8 10 589 308 2707 3828
3829 60 549 28 3790 3791 3 3830
3831 5 10 3832 3833 2746 3333
3398 3834 3835 8 2106 1254 3836 2801
66 3837 8 47 3838 8 3839
32 2486 10 3840 8 3841 3 3842 3843
7 8 252 253 576 167 2435
3844 2050 261 3845 28 1313 28 3846
96 3847 60 51 279 1126 3848 3849 3850
123 60 55 399 1 10 3847 3851
3852 3853 1128 51 2856 8 3854 3855
96 3856 3857 337 133 3858 28 3694 3859 3860
3861 3862 3814 110 490 3863
3818 3864 354 1261 110 469 68 3865
90 3818 3864 1140 3866 60 579 580 3818 3867
3868 3869 60 468 8 10 3870 8 3871
3872 8 3873 3874 558 10 3875 3876
415 3877 423 3878 3 3879
123 60 145 28 1183 663
3880 663 1077 3 663 1079 658
3683 2559 27 441 3881 40 3641
3882 3883 3884 5 10 252 253
3299 8 3885 3886 8 47 3887 3888
47 1727 3889 636 3890 3891
3892 3893 8 3894 3 3895
3896 40 1398 3897 8 3898
3209 3899 3900 3901 8 3902
3903 1398 3037 3 3904 3905
3195 3906 3907 3908 278 3909 5 1398 982
176 2512 947 660 5 3910 3593 3911
1331 3912 1911 110 3913 28 3914
726 261 3915 805 278 3916 3 3917
147 3918 815 3919 3901 3 3920
1320 805 3921 3922 3 3923
147 72 815 3924 805 2044 72 3925 3926
1320 278 3927 3908 278 3928
1320 278 3929 702 3930 702 3931
3932 278 552 3933 10 3934
96 702 3935 663 3936 1888
3937 10 3938 663 3939 10 3940
3937 10 3941 3942 10 3943
96 702 3944 60 609 3945
1320 278 3946 1047 3 3947
726 72 3911 663 3948 3 72
96 1398 3930 40 3949 3950
3901 3951 815 810 28 3952
3896 40 1398 3897 8 3898
3209 3899 3900 3901 8 3902
3953 3954 60 3955 1 3956 324 3957 3958 3959
59 60 47 774 3012 5 3960
90 3961 3012 3962 1407 10 3963
123 60 47 3964 3965 3 60 3539 3966 3967
3968 3664 681 3969 3970 3042 3971 3 2677 3972
297 3718 3973 3974 17 3975
1367 28 47 3976 644 8 3977
3978 459 10 1262 8 3979 331 8 3980
3981 3 1187 8 10 1249
3982 8 10 1876 757 1178
621 8 622 8 10 3983 11 8 3795
726 3984 721 3985 2807 2443 8 1888
3986 60 776 3987 3988 776 3989
956 8 10 3990 5 3991
66 3992 8 589 3993 3503 3 3994
2280 262 3995 8 3996 1183 3997
2565 673 3662 261 187 3998 3999
4000 441 507 4001 3 4002 4000 55 4003
4004 4005 4006 28 4007 4008
7 8 4009 8 4010 4011
4012 4013 4014 10 3673 8 10 4015 4016
1905 974 15 3078 5 10 2914 3
3216 8 10 11 8 12
4017 60 1893 3500 40 2914 4018
90 338 808 8 47 4019 4020
3524 3525 3 3576 4021 8 3527
185 105 47 4022 4023 4024
3299 8 51 4025 1046 4026
4027 196 8 4028 4029 5 4030 4031 82
4032 4033 4034 119 47 4035
949 47 2981 3 5 10 4036
706 4037 60 10 971 4038 4039 4040
185 93 3279 167 3295 4041
3195 4042 28 4043 47 4044
4045 4046 28 10 4047 4048
4049 4050 4051 4052 8 4053
674 4054 2475 8 4055 3 4056
66 2853 466 8 10 3325 4057
4058 4059 993 4060 3 4061
4062 4063 3 4064 5 663 4065
66 531 8 764 4066 4067
4068 2106 3 10 4069 594
7 8 1902 602 5 2478
267 93 694 5 4070 4071
4072 4073 3362 4074 4075 423
4076 4077 3053 3 4078 260 140 10 4079
4080 4081 110 4082 4083 5 10 4084 8 2589
7 8 2771 4085 3 4086
90 4087 4088 354 1261 110 3333
90 4089 4090 8 4091 3814 110 490 4092
90 4093 60 577 8 10 4094
4095 3 4096 8 4097 4098 4099
3154 4012 4100 4101 90 4097 4098 4102
3154 4012 4103 4104 90 4097 4098 4102
4105 4106 4107 4108 4109 4110 3020
4105 2192 958 4111 4112 4109 4110 3020
4105 4113 4114 4115 33 4116 252 253
4105 4113 4114 4115 33 4116 252 253
4105 3678 4117 4118 3053 4119 3020
4105 4120 4121 4122 4123 3020
4105 3678 4117 4118 3053 4119 3020
4105 4124 4125 4126 252 253
4105 4127 4128 4129 4109 4110 3020
4105 4130 4131 4132 1107 4133 4134 4135 252 253
4105 4136 4137 4138 4139 3 4140
4105 4141 4142 4143 33 4116 33 4116 252 253
4105 4144 4145 4146 252 253
4105 4147 4148 4149 252 253
4105 4141 4142 4143 33 4116 33 4116 252 253
4105 4150 4151 4152 4153 3020
4105 4141 4142 4143 33 4116 33 4116 252 253
4105 4127 4128 4129 4109 4110 3020
4105 4141 4142 4143 33 4116 33 4116 252 253
4105 4127 4128 4129 4109 4110 3020
4105 4154 4155 4156 4157 252 253
4105 4150 4137 4158 4159 3020
4105 4141 4142 4143 33 4116 33 4116 252 253
4105 4160 4161 3771 4162 4163 252 253
4105 4154 4155 4156 4157 252 253
4105 824 825 4121 4164 4165 252 253
4105 4166 4167 4135 252 253
4105 824 825 4121 4164 4165 252 253
4105 4168 4169 4170 3 4171 3020
4105 1095 4172 33 4173 3020
4105 4174 4121 4148 4149 252 253
4105 3730 4175 4121 4176 4177 3020
4105 3730 4175 4121 4176 4177 3020
4105 4141 4142 4143 33 4116 33 4116 252 253
4105 4127 4128 4129 4109 4110 3020
4105 4178 4179 988 252 509
4105 268 4180 4181 4179 988 252 509
4105 4127 4128 4129 4109 4110 3020
4105 4150 4137 4158 4159 3020
4105 4150 4137 4158 4159 3020
4105 1095 4172 33 4173 3020
4105 4127 4128 4129 4109 4110 3020
4105 4141 4142 4143 33 4116 33 4116 252 253
4105 4141 4142 4143 33 4116 33 4116 252 253
4105 4182 4183 33 4184 4165 252 253
4105 4121 4070 4135 252 253
4105 4155 4156 4157 252 253
4105 2680 4185 4186 4187 252 253
4105 239 4132 4161 3771 4188 4189 4149 252 253
4105 4121 4148 4149 252 253
4105 4190 4137 4176 4177 3020
4105 4127 4128 4129 4109 4110 3020
4105 4127 4128 4129 4109 4110 3020
4105 4190 4137 4176 4177 3020
4105 4127 4128 4129 4109 4110 3020
4105 4127 4128 4129 4109 4110 3020
4105 4127 4128 4129 4109 4110 3020
4105 4141 4142 4143 33 4116 33 4116 252 253
4105 4127 4128 4129 4109 4110 3020
4105 4127 4128 4129 4109 4110 3020
4105 4127 4128 4129 4109 4110 3020
4105 4127 4128 4129 4109 4110 3020
4105 4191 4192 4109 4110 3020
4105 4127 4128 4129 4109 4110 3020
4105 4127 4128 4129 4109 4110 3020
4105 4127 4128 4129 4109 4110 3020
4105 4127 4128 4129 4109 4110 3020
4105 4127 4128 4129 4109 4110 3020
4105 4127 4128 4129 4109 4110 3020
788 4193 4194 4195 40 4196 1 2820 4197
4198 10 3391 2801 1 4199
4200 1087 2404 2683 119 347
90 1295 8 10 4201 971 2948
4202 181 4203 2524 3 196 8 4204
172 593 4205 1393 4206 570 4207
90 542 543 8 4208 545 3 4209 547
4210 8 338 15 279 28 4211 4212
90 2026 8 4213 60 119 2854 8 10 4214
4215 4216 4217 4218 4219 4220 4221
4222 4216 4217 4223 4224 4225 4226 4227 4228
4229 4217 4227 4230 4231 4217 4227 4232
4233 4217 4227 4234 4235 4217 4227 4236
4237 4238 4239 4235 4217 4240
4241 4242 4243 4244 4217 4245
4246 4247 4248 4249 4250 4224 4217 4251
4252 4253 4254 4255 4253 4256
4257 4258 4259 60 4260 2218 4261 8 4262
4263 4258 4259 3 4264 4265 5 1352 2400
2840 552 4266 1296 3 4258 287 4267 1296
815 337 4258 4268 3 4258 4269 4266 1296
4270 4258 4268 3 4269 815 4271 110
4272 815 3311 4273 4258 4274 3 4275
4276 2074 3 4195 490 4277
815 3311 2005 551 731 8 4278
21 8 4279 119 47 911 8 4280
739 1930 60 5 10 2692 1076
90 4281 3144 40 4282 4283
59 93 4284 4285 8 4286 260 2392 40
4287 722 4288 363 260 2389 4289
7 8 3445 4290 4291 2023
4292 60 47 3992 8 4290 4291 2023 4293
815 4294 946 110 10 2711 2270 4295 8 4296
4297 4298 15 55 4299 5 4300 4301 4302
4303 3407 15 4304 4305 3 4306 4307
185 93 4308 10 4309 4310 4311 4312 4313 4314
66 4315 4316 964 10 4317 5 4318
90 4319 3012 466 110 4320
3892 2681 8 10 2665 11 8 177
90 4321 4322 105 338 8 10 4323 4324
4325 8 10 4326 4327 1981
2614 8 47 4328 4329 4330
90 3160 993 4331 3 4330
66 4332 2343 8 47 4333 4334
153 4335 4333 4336 440 441 2613 5 600
4337 105 10 789 4338 2982
185 4339 2074 5 4340 580 673 4341 282
90 37 8 365 946 93 749
90 3053 4342 8 4343 60 47 331 2205
4344 3813 2907 10 4345 4346
4347 60 51 279 577 8 10 2588 4348
2019 4349 8 10 239 3437 8 10 4350
297 10 4351 4352 60 229
66 4353 4354 28 47 4355 4356
3304 10 3189 1339 8 4353
2178 8 4357 1 4358 4359 8 4360
3063 4361 4362 10 789 4363 4364
4365 4366 55 2122 459 4367
4368 4369 5 10 332 8 4370
3053 4371 8 3841 4372 1254 3836 2801
164 2693 4373 1163 4374 4375
4376 336 441 1539 28 4377 4378 28 4379
7 8 4380 167 2220 8 4381
7 8 10 2100 8 10 1233
90 4382 8 10 4078 4383
1237 3 4384 267 8 4385
90 1237 3 4384 267 8 4385 3 4021
4386 8 4387 4388 4389 558 4390
1237 3 4384 267 8 4385
4391 4392 60 51 2856 8 47 3404 4393
890 8 10 4394 3 3539 4395
96 378 946 4396 8 10 4397 3034
4398 4399 4400 54 55 2461 814 876 4401
4402 4403 8 10 4404 4405
4406 4407 1 10 4408 4409
201 4410 4411 1 1905 4412
4413 4414 826 40 469 399 4415
59 4416 47 4417 3992 8 2392 4418 190
96 10 4419 4420 965 4421 4422 3425 5 4423
4424 3 4425 8 4426 4427
90 4428 4429 159 4430 663 180 4431 4432
4433 8 10 2193 743 4434
1279 4435 8 10 252 509
302 93 694 459 4436 4437 4438 3789 5 1086
4052 8 4439 3 3968 2387
4440 4052 8 4439 4441 1279 4435
4442 4443 10 3673 8 10 4444 4445
3053 3452 8 3841 3 4446 828
123 60 2924 354 51 4447 4448
4449 119 10 4450 4451 40 4452 28 177
21 8 90 4453 8 4454 2519 3 4455
4456 196 8 4457 4458 315
4459 466 8 10 4460 4461 40 10 4462
66 2859 4463 28 4464 10 4065 60
4465 8 4466 4467 4468 4469
4470 4471 15 507 1219 5 4472
452 8 4473 4471 681 4474 4475 3 4476
4477 4478 4479 28 4480 4481 4482 814 4483 4469
2308 4484 4485 8 30 510
4486 3152 4487 10 3404 4488
4489 3702 8 4490 8 10 4491
4492 3 4493 8 4494 8 4495 4496 4497
90 4498 60 2276 40 4499 4500
434 8 10 2642 180 561
90 4501 5 10 4132 3449
90 1151 4502 8 4503 4504
416 4505 4506 8 4507 4508
4509 2838 4510 90 4511 4512
4513 60 47 3427 593 3428 3429
4514 60 47 3427 593 3428 3429
1950 1948 8 10 4515 4516 4517 3 10 4518
4519 4520 3 562 127 4521 229 110 4522 4523
4524 4525 60 1214 10 4526 4527
385 2616 60 3366 656 441 294 2820 60 4528
66 2270 40 4529 60 359 47 4530
4531 4532 4533 10 4534 3828
4535 5 4536 28 4537 10 4538
388 466 8 4327 4539 4540
60 47 4541 2326 8 589 4542
4543 93 10 4544 4545 8 10 1898 4546
66 126 564 56 363 54 210 4547 4548
123 3311 4549 28 47 4550 4551
3438 10 4552 3211 28 4553
4554 105 4555 261 4556 3 229 261 4557
4558 4559 8 4560 459 3581
96 4561 4562 60 1180 167 10 4563 4564
201 54 55 210 4565 4566
2308 388 1 10 2677 8 3790 4567
90 4568 15 2008 4569 4570 8 2589
25 60 1363 8 3979 4571 2130
4160 4572 3 10 1273 4573
66 2784 4574 876 2239 4575
66 4576 4574 876 2239 4575
96 4577 789 4578 4579 15 4580
4581 406 2854 4582 4583 4584
4496 406 4585 4582 4586 4587
268 4588 8 4589 3 4590
7 8 822 3034 167 2499
4591 474 211 642 475 4592 110 4593 508
7 8 822 3034 167 2435
90 4594 4595 4596 2258 5 4597
2388 4588 8 4598 3 4599
4600 4395 8 490 4601 167 4602
66 4603 4604 363 60 47 4605 3469
403 4606 3 47 1132 4607
4608 4609 5 10 402 4610 8 4611
4612 171 30 3544 8 1167 4613 5 4614
59 60 55 4615 5 262 2928
2388 4588 8 4438 4616 4617
268 4588 8 4618 4616 4617
2388 4588 8 4619 3 4620
90 4621 181 4622 40 4623 4624 3 4625 4626
7 8 4627 10 4628 4629 4630
368 4631 60 47 4632 8 10 4633 4634
4635 196 8 4636 2524 5 4637 4638 4639
3348 8 4640 4641 4642 50 10 346
4053 60 10 2659 8 1017 4643 4644 3 190
4645 4646 4647 167 4648 1088 5 4649 4650
90 4651 1202 459 10 4652 4653
385 8 1916 260 1554 609 4654 4655
270 8 4656 8 10 252 509
90 4657 4658 28 10 443
30 2934 8 10 252 253
621 8 772 8 252 253
90 4659 3136 817 354 577 8 47 4660 393
90 4541 4659 40 394 3911 119 10 4661
2178 8 4662 4663 167 4664
96 4665 8 4666 187 4667
1954 4668 905 8 4668 4667 4195
4669 4670 4671 8 10 2711 4668 4672
4669 4673 8 10 2711 4668 4670 4674
90 4675 4676 489 5 4677
90 589 4678 5 10 4679
4675 8 10 511 4680 4681
4682 54 55 210 289 28 4683
2308 4021 8 10 252 253 415 4684
7 8 4685 329 3138 4686
90 2359 4687 8 10 252 253
4688 4689 119 47 4690 90 4691 2245 15 4692
4693 143 4694 5 10 971
96 4695 98 15 261 4696 663 15 4697 4698
4699 8 10 270 8 4700
4701 4699 8 10 270 8 4700
66 3998 4702 110 630 28 4703
575 4704 4705 4706 440 47 4707 4708
4709 60 47 4710 4711 5 2077 32
4712 4713 40 4714 4715 10 4716 4717
66 3726 4718 119 47 3833 4719
4720 4721 4722 47 3833 4718 3726
341 4723 8 10 876 4724
66 4725 8 4726 4727 40 4728
1393 10 1911 2646 60 110
4729 4371 8 10 268 4730 8 4731
153 4732 440 441 2050 4733 354 4734 122
7 8 4685 329 3138 872
2452 4735 15 4736 431 167 4737
4738 4739 4740 4501 2308 4741 3789
185 884 354 51 4742 5 10 4743 8 4744
559 4745 4746 5 4747 4748 4749
4750 4751 4752 2218 4753 609 4754 4755
90 4756 15 47 3427 593 3428 3429
201 15 721 28 210 688 4757
4758 5 4759 1 4760 4761
7 8 3413 4762 5 4763
944 4764 5 4765 4766 3 3998 2289 4767
4768 4769 4770 40 4771 4772
4768 4769 4770 40 4771 4772
4768 4769 4770 40 4773 4774
4775 47 4776 3311 299 205 4777 4778
368 60 47 3992 8 4779 4780 738
3332 4781 60 4308 1 4782 490 4783
4784 4785 8 10 615 4786
4787 1429 4788 4789 2739 4790 1107 4791 1429 4788
7 8 232 4792 4793 4794
368 60 10 4065 610 15 4795 5 3859 4796
4784 4785 8 10 252 253 4797
3557 766 2586 5 10 4798 4799
4800 8 47 4801 4802 4803 3828
4804 93 694 5 4805 2946 972
2325 4731 267 8 4385 3 4021
4806 469 4807 4808 60 4809 4810
2914 4811 4812 1 10 2677 8 3795
268 1094 1 10 4813 8 4814 28 1892
4815 4816 406 4817 406 4818 4819
96 10 435 8 51 4820
90 4821 353 2033 5 10 4822 4823
7 8 4824 8 10 4825 11
90 4826 60 789 3500 40 4827
4828 110 593 4829 4830 3 4831 4832
2039 8 10 205 2151 8 2406 813
7 8 3677 4833 4834 4835
1724 4836 4837 4838 4839 4840 4841 4842
7 8 4843 8 10 4825 11
123 164 4844 4845 4846 4847 3 4848 4849
4850 8 10 252 4851 4852
368 60 10 3650 8 10 252 4851 4853
90 4854 8 4855 4856 4857 502
90 4854 8 4858 4856 4857 502
90 4859 164 4860 4861 4735 4862
788 10 4863 4414 826 60 4864
297 28 2662 4865 4866 8 4867
4868 4869 5 10 4870 4871
90 4872 15 579 580 10 2912 583 4873 4874
621 8 772 8 4825 11
4875 60 577 8 10 4876 4588 8 3790 4877
90 4878 260 4879 4880 8 593 594 595
96 4561 4881 60 1180 167 10 4563 4882
90 4883 4884 4885 4416 119 110 490 4886
4887 4888 93 694 5 4889 4890 4891 4892
4893 775 4894 406 4685 329 3138
4893 775 4894 406 873 47 874
177 93 441 4895 28 4896
90 4878 260 4897 1 4898 5 3329
90 4878 260 4879 4880 8 593 594 4899
4078 4900 4901 5 3842 4686
4902 3992 8 4078 174 4903
96 177 3361 60 736 229 110 4904
4905 2830 55 1313 5 378 3 4906
1905 2643 4907 3 4908 4909
4910 119 10 4911 8 4912 4913 5 4914 4915
4916 8 3873 5 4780 4917
4918 260 4919 4920 8 4921 3 4922
90 2621 4923 8 4924 15 4925
4926 28 10 4927 8 4928
334 1 10 4929 4930 2141
7 8 3668 8 10 160 4812 4931
160 4812 4932 4386 8 10
66 4933 4934 8 4935 4936
1178 8 4937 3 4938 4939
4940 8 4937 4939 5 4941
90 4942 4943 4944 2590 4945 3473 60 47 4946
123 60 4947 289 5 4948 4949
28 611 51 4950 1266 4951
2280 2979 10 4952 4953 8 10 559 393
2980 3362 4954 4955 5 4956
4957 60 10 2127 4958 4959 119 4960 4961 4962
185 60 47 4963 8 4964 4965 4966
4967 10 2931 2023 15 4968 4969 10 822
90 232 4970 60 4971 4972
2412 3743 440 441 3089 4973 4974
471 2856 8 47 4975 4976
4977 4978 4979 93 694 5 4980 3142 4981
302 1901 10 349 2931 4982 28 4983
90 4984 832 354 1893 354 4985 3 3648 4986
4987 3 4988 2819 28 4989
995 3500 40 4618 4616 4989
66 2853 4990 110 10 4991
4992 4993 8 4994 3010 2111 4995 4996
123 3241 562 4997 5 4998 4999 5000 5001
5002 3241 4284 5003 5 5004
5005 5006 5007 354 47 5008 5009 4999 5000 5001
5010 5011 5012 4997 28 5007 5 5013
66 3290 3216 2590 90 2931 4613
252 509 8 30 510 3 512
5014 5015 5016 324 3984 1972 354 5017
1950 721 3790 4290 5008 5018
5019 60 2216 689 5 5020 2218 5 5021
5022 534 406 5023 5024 5025
4198 660 3661 5026 775 5027 5028
2105 5027 663 15 289 211 1893
341 808 8 47 1221 5029
341 342 28 2005 47 1221 5029
5030 8 90 2931 5031 5032
2302 468 8 10 5033 5034
90 5033 60 2389 490 1092 5 5035 4106
5036 8 10 5037 3435 8 10 2931 5031 5032
341 342 5038 54 210 229
5039 93 5040 354 5041 3 5042 1 5043
59 60 1091 5044 28 5045 5046
90 5047 789 3500 40 5048 60 5049
90 4878 260 4879 4880 8 593 594 595
90 4878 260 4879 4880 8 593 594 595
185 93 10 5050 8 5051 5052 1 47 5053
4898 5054 2420 2111 5055 106
5056 673 47 5057 580 5058
363 5059 2140 5060 5061 5062 3 4710 5063
3216 8 10 11 8 4921
5064 2559 5065 5 10 252 253
201 15 10 5066 5067 363 5068 5069 5070
368 5071 10 412 8 5072 814 5073 3 5074
1960 3 5075 5076 5077 10 5078 848
5079 5080 4939 60 5081 354 10 1295 8 5082
90 5083 5084 5085 93 5086 167 5087 5088
90 5089 5090 5 10 5091
90 5092 337 229 1017 5093 4557
575 576 5 10 5094 5095 289 490 645
90 5096 5097 29 5098 5099 5100 3 5101 5102
5103 5104 5105 5106 5107 8 5108
47 4604 8 5109 15 5110 1 5111
4049 4180 8 5112 3 5113
90 67 105 780 47 2621 4759 1 1930 5114
90 5115 5116 110 10 5117 3591
2347 5118 681 126 5119 5120 3 5121 5122
90 5123 8 10 5124 40 3341 8 2586
2026 8 729 5125 5 5126
25 946 3698 475 5 5127
66 4277 466 8 10 5128 5129 5 5130
90 5051 2551 2395 5131 1017 5132 3 262 2831
5133 1178 5 775 8 5134 815
66 466 110 10 331 8 5135
3216 8 10 5136 8 177
7 8 4824 8 10 5136 8 177
5137 5138 5139 5140 5141 329 5142
5143 8 10 3002 8 4501 3 8 10 5144
5145 1895 60 51 5146 577 8 2060 5147 5148
